win:	lose:	draw:
1000	698	226	76	-3.00100700195689
2000	736	144	120	-3.0020070039567637
3000	759	103	138	-3.003007005956637
4000	772	82	146	-3.0040070079565107
5000	774	66	160	-3.005007009956384
6000	767	66	167	-3.0060070119562576
7000	787	61	152	-3.007007013956131
8000	812	57	131	-3.0080070159560046
9000	796	58	146	-3.009007017955878
10000	787	68	145	-3.0100070199557516
11000	787	63	150	-3.011007021955625
12000	813	51	136	-3.0120070239554986
13000	804	52	144	-3.013007025955372
14000	808	45	147	-3.0140070279552456
15000	794	63	143	-3.015007029955119
16000	793	50	157	-3.0160070319549925
17000	824	41	135	-3.017007033954866
18000	818	43	139	-3.0180070359547395
19000	780	60	160	-3.019007037954613
20000	816	53	131	-3.0200070399544865
21000	805	45	150	-3.02100704195436
22000	815	59	126	-3.0220070439542335
23000	810	54	136	-3.023007045954107
24000	808	53	139	-3.0240070479539805
25000	796	54	150	-3.025007049953854
26000	801	52	147	-3.0260070519537274
27000	802	49	149	-3.027007053953601
28000	803	49	148	-3.0280070559534744
29000	784	63	153	-3.029007057953348
30000	804	53	143	-3.0300070599532214
31000	786	60	154	-3.031007061953095
32000	830	44	126	-3.0320070639529684
33000	780	58	162	-3.033007065952842
34000	817	41	142	-3.0340070679527154
35000	790	40	170	-3.035007069952589
36000	783	62	155	-3.0360070719524623
37000	807	47	146	-3.037007073952336
38000	807	52	141	-3.0380070759522093
39000	815	51	134	-3.039007077952083
40000	793	51	156	-3.0400070799519563
41000	798	54	148	-3.04100708195183
42000	825	52	123	-3.0420070839517033
43000	784	52	164	-3.0430070859515768
44000	807	52	141	-3.0440070879514503
45000	789	51	160	-3.0450070899513237
46000	807	52	141	-3.0460070919511972
47000	808	44	148	-3.0470070939510707
48000	814	45	141	-3.048007095950944
49000	783	61	156	-3.0490070979508177
50000	791	44	165	-3.050007099950691
51000	816	45	139	-3.0510071019505647
52000	800	60	140	-3.052007103950438
53000	804	53	143	-3.0530071059503117
54000	796	52	152	-3.054007107950185
55000	788	51	161	-3.0550071099500586
56000	805	46	149	-3.056007111949932
57000	782	49	169	-3.0570071139498056
58000	800	55	145	-3.058007115949679
59000	784	54	162	-3.0590071179495526
60000	792	49	159	-3.060007119949426
61000	792	57	151	-3.0610071219492996
62000	820	49	131	-3.062007123949173
63000	797	49	154	-3.0630071259490466
64000	793	57	150	-3.06400712794892
65000	792	51	157	-3.0650071299487935
66000	798	53	149	-3.066007131948667
67000	807	43	150	-3.0670071339485405
68000	787	67	146	-3.068007135948414
69000	801	52	147	-3.0690071379482875
70000	810	44	146	-3.070007139948161
71000	791	55	154	-3.0710071419480345
72000	806	46	148	-3.072007143947908
73000	813	45	142	-3.0730071459477815
74000	818	48	134	-3.074007147947655
75000	799	42	159	-3.0750071499475284
76000	807	54	139	-3.076007151947402
77000	788	50	162	-3.0770071539472754
78000	774	55	171	-3.078007155947149
79000	781	58	161	-3.0790071579470224
80000	816	42	142	-3.080007159946896
81000	812	49	139	-3.0810071619467694
82000	788	57	155	-3.082007163946643
83000	809	49	142	-3.0830071659465164
84000	793	60	147	-3.08400716794639
85000	802	52	146	-3.0850071699462633
86000	787	61	152	-3.086007171946137
87000	817	54	129	-3.0870071739460103
88000	782	53	165	-3.088007175945884
89000	794	46	160	-3.0890071779457573
90000	795	60	145	-3.090007179945631
91000	790	64	146	-3.0910071819455043
92000	797	58	145	-3.0920071839453778
93000	801	52	147	-3.0930071859452513
94000	787	51	162	-3.0940071879451247
95000	806	51	143	-3.0950071899449982
96000	799	49	152	-3.0960071919448717
97000	800	47	153	-3.097007193944745
98000	799	48	153	-3.0980071959446187
99000	803	40	157	-3.099007197944492
100000	798	47	155	-3.1000071999443657
101000	784	48	168	-3.101007201944239
102000	805	58	137	-3.1020072039441127
103000	803	41	156	-3.103007205943986
104000	808	64	128	-3.1040072079438596
105000	800	58	142	-3.105007209943733
106000	790	45	165	-3.1060072119436066
107000	793	51	156	-3.10700721394348
108000	815	38	147	-3.1080072159433536
109000	796	44	160	-3.109007217943227
110000	815	48	137	-3.1100072199431006
111000	803	47	150	-3.111007221942974
112000	788	56	156	-3.1120072239428476
113000	814	52	134	-3.113007225942721
114000	799	48	153	-3.1140072279425945
115000	768	58	174	-3.115007229942468
116000	794	46	160	-3.1160072319423415
117000	787	54	159	-3.117007233942215
118000	781	59	160	-3.1180072359420885
119000	791	59	150	-3.119007237941962
120000	783	53	164	-3.1200072399418355
121000	810	48	142	-3.121007241941709
122000	795	62	143	-3.1220072439415825
123000	820	41	139	-3.123007245941456
124000	816	54	130	-3.1240072479413294
125000	795	59	146	-3.125007249941203
126000	804	41	155	-3.1260072519410764
127000	803	52	145	-3.12700725394095
128000	798	47	155	-3.1280072559408234
129000	806	50	144	-3.129007257940697
130000	789	47	164	-3.1300072599405704
131000	802	50	148	-3.131007261940444
132000	807	47	146	-3.1320072639403174
133000	803	44	153	-3.133007265940191
134000	818	44	138	-3.1340072679400643
135000	802	48	150	-3.135007269939938
136000	795	46	159	-3.1360072719398113
137000	808	50	142	-3.137007273939685
138000	822	37	141	-3.1380072759395583
139000	795	55	150	-3.139007277939432
140000	791	57	152	-3.1400072799393053
141000	807	45	148	-3.1410072819391788
142000	800	49	151	-3.1420072839390523
143000	814	51	135	-3.1430072859389258
144000	800	56	144	-3.1440072879387992
145000	806	39	155	-3.1450072899386727
146000	804	47	149	-3.1460072919385462
147000	802	61	137	-3.1470072939384197
148000	806	38	156	-3.148007295938293
149000	782	57	161	-3.1490072979381667
150000	811	37	152	-3.15000729993804
151000	786	56	158	-3.1510073019379137
152000	800	52	148	-3.152007303937787
153000	801	46	153	-3.1530073059376607
154000	816	42	142	-3.154007307937534
155000	802	44	154	-3.1550073099374076
156000	811	42	147	-3.156007311937281
157000	785	54	161	-3.1570073139371546
158000	793	55	152	-3.158007315937028
159000	801	53	146	-3.1590073179369016
160000	777	61	162	-3.160007319936775
161000	778	67	155	-3.1610073219366486
162000	803	42	155	-3.162007323936522
163000	801	42	157	-3.1630073259363956
164000	786	50	164	-3.164007327936269
165000	807	46	147	-3.1650073299361425
166000	810	52	138	-3.166007331936016
167000	802	49	149	-3.1670073339358895
168000	807	47	146	-3.168007335935763
169000	799	43	158	-3.1690073379356365
170000	803	49	148	-3.17000733993551
171000	802	48	150	-3.1710073419353835
172000	805	49	146	-3.172007343935257
173000	797	60	143	-3.1730073459351305
174000	802	45	153	-3.174007347935004
175000	784	50	166	-3.1750073499348774
176000	786	60	154	-3.176007351934751
177000	782	51	167	-3.1770073539346244
178000	781	60	159	-3.178007355934498
179000	783	50	167	-3.1790073579343714
180000	767	48	185	-3.180007359934245
181000	806	50	144	-3.1810073619341184
182000	797	50	153	-3.182007363933992
183000	785	56	159	-3.1830073659338654
184000	795	43	162	-3.184007367933739
185000	818	50	132	-3.1850073699336123
186000	798	44	158	-3.186007371933486
187000	784	54	162	-3.1870073739333593
188000	808	47	145	-3.188007375933233
189000	800	63	137	-3.1890073779331063
190000	804	52	144	-3.19000737993298
191000	787	46	167	-3.1910073819328533
192000	810	46	144	-3.1920073839327268
193000	794	41	165	-3.1930073859326003
194000	791	55	154	-3.1940073879324737
195000	804	53	143	-3.1950073899323472
196000	788	46	166	-3.1960073919322207
197000	795	47	158	-3.197007393932094
198000	797	52	151	-3.1980073959319677
199000	807	46	147	-3.199007397931841
200000	800	41	159	-3.2000073999317147
201000	802	42	156	-3.201007401931588
202000	788	49	163	-3.2020074039314617
203000	792	42	166	-3.203007405931335
204000	777	53	170	-3.2040074079312086
205000	795	59	146	-3.205007409931082
206000	784	48	168	-3.2060074119309556
207000	799	52	149	-3.207007413930829
208000	803	47	150	-3.2080074159307026
209000	768	59	173	-3.209007417930576
210000	789	46	165	-3.2100074199304496
211000	792	52	156	-3.211007421930323
212000	780	59	161	-3.2120074239301966
213000	785	51	164	-3.21300742593007
214000	807	46	147	-3.2140074279299435
215000	811	42	147	-3.215007429929817
216000	793	52	155	-3.2160074319296905
217000	802	49	149	-3.217007433929564
218000	816	53	131	-3.2180074359294375
219000	819	36	145	-3.219007437929311
220000	809	55	136	-3.2200074399291845
221000	805	51	144	-3.221007441929058
222000	785	54	161	-3.2220074439289315
223000	787	48	165	-3.223007445928805
224000	803	57	140	-3.2240074479286784
225000	811	41	148	-3.225007449928552
226000	818	55	127	-3.2260074519284254
227000	814	53	133	-3.227007453928299
228000	785	55	160	-3.2280074559281724
229000	797	52	151	-3.229007457928046
230000	807	35	158	-3.2300074599279194
231000	788	52	160	-3.231007461927793
232000	786	47	167	-3.2320074639276664
233000	785	54	161	-3.23300746592754
234000	810	55	135	-3.2340074679274133
235000	801	55	144	-3.235007469927287
236000	818	45	137	-3.2360074719271603
237000	797	51	152	-3.237007473927034
238000	815	54	131	-3.2380074759269073
239000	800	51	149	-3.239007477926781
240000	781	66	153	-3.2400074799266543
241000	802	44	154	-3.2410074819265278
242000	798	55	147	-3.2420074839264013
243000	787	58	155	-3.2430074859262747
244000	791	56	153	-3.2440074879261482
245000	809	43	148	-3.2450074899260217
246000	775	62	163	-3.246007491925895
247000	798	55	147	-3.2470074939257687
248000	788	64	148	-3.248007495925642
249000	799	55	146	-3.2490074979255157
250000	803	55	142	-3.250007499925389
251000	790	50	160	-3.2510075019252627
252000	796	57	147	-3.252007503925136
253000	800	56	144	-3.2530075059250096
254000	816	49	135	-3.254007507924883
255000	811	52	137	-3.2550075099247566
256000	809	52	139	-3.25600751192463
257000	787	48	165	-3.2570075139245036
258000	806	47	147	-3.258007515924377
259000	786	68	146	-3.2590075179242506
260000	773	65	162	-3.260007519924124
261000	805	47	148	-3.2610075219239976
262000	803	53	144	-3.262007523923871
263000	806	58	136	-3.2630075259237445
264000	799	45	156	-3.264007527923618
265000	790	53	157	-3.2650075299234915
266000	830	45	125	-3.266007531923365
267000	793	48	159	-3.2670075339232385
268000	818	41	141	-3.268007535923112
269000	805	52	143	-3.2690075379229855
270000	802	48	150	-3.270007539922859
271000	811	46	143	-3.2710075419227325
272000	793	49	158	-3.272007543922606
273000	782	48	170	-3.2730075459224794
274000	815	42	143	-3.274007547922353
275000	789	43	168	-3.2750075499222264
276000	820	46	134	-3.2760075519221
277000	790	58	152	-3.2770075539219734
278000	808	58	134	-3.278007555921847
279000	799	50	151	-3.2790075579217204
280000	792	56	152	-3.280007559921594
281000	801	55	144	-3.2810075619214674
282000	790	43	167	-3.282007563921341
283000	822	47	131	-3.2830075659212143
284000	811	40	149	-3.284007567921088
285000	789	51	160	-3.2850075699209613
286000	808	44	148	-3.286007571920835
287000	804	46	150	-3.2870075739207083
288000	809	50	141	-3.288007575920582
289000	791	49	160	-3.2890075779204553
290000	788	56	156	-3.2900075799203288
291000	805	55	140	-3.2910075819202023
292000	791	47	162	-3.2920075839200758
293000	816	48	136	-3.2930075859199492
294000	823	45	132	-3.2940075879198227
295000	803	42	155	-3.2950075899196962
296000	779	65	156	-3.2960075919195697
297000	810	41	149	-3.297007593919443
298000	816	48	136	-3.2980075959193167
299000	803	58	139	-3.29900759791919
300000	825	45	130	-3.3000075999190637
301000	792	58	150	-3.301007601918937
302000	783	53	164	-3.3020076039188107
303000	801	55	144	-3.303007605918684
304000	798	60	142	-3.3040076079185576
305000	791	52	157	-3.305007609918431
306000	819	41	140	-3.3060076119183046
307000	784	55	161	-3.307007613918178
308000	795	60	145	-3.3080076159180516
309000	786	46	168	-3.309007617917925
310000	799	56	145	-3.3100076199177986
311000	797	48	155	-3.311007621917672
312000	806	51	143	-3.3120076239175456
313000	797	50	153	-3.313007625917419
314000	815	52	133	-3.3140076279172925
315000	795	54	151	-3.315007629917166
316000	807	44	149	-3.3160076319170395
317000	793	57	150	-3.317007633916913
318000	794	62	144	-3.3180076359167865
319000	802	52	146	-3.31900763791666
320000	790	60	150	-3.3200076399165335
321000	790	62	148	-3.321007641916407
322000	794	42	164	-3.3220076439162805
323000	791	50	159	-3.323007645916154
324000	803	44	153	-3.3240076479160274
325000	780	54	166	-3.325007649915901
326000	794	47	159	-3.3260076519157744
327000	815	50	135	-3.327007653915648
328000	780	44	176	-3.3280076559155214
329000	793	44	163	-3.329007657915395
330000	790	57	153	-3.3300076599152684
331000	810	41	149	-3.331007661915142
332000	799	56	145	-3.3320076639150153
333000	777	67	156	-3.333007665914889
334000	803	41	156	-3.3340076679147623
335000	781	50	169	-3.335007669914636
336000	795	47	158	-3.3360076719145093
337000	803	65	132	-3.337007673914383
338000	790	57	153	-3.3380076759142563
339000	801	54	145	-3.33900767791413
340000	815	55	130	-3.3400076799140033
341000	823	41	136	-3.3410076819138768
342000	799	46	155	-3.3420076839137502
343000	798	52	150	-3.3430076859136237
344000	794	45	161	-3.3440076879134972
345000	789	51	160	-3.3450076899133707
346000	789	49	162	-3.346007691913244
347000	802	53	145	-3.3470076939131177
348000	827	56	117	-3.348007695912991
349000	797	57	146	-3.3490076979128647
350000	795	57	148	-3.350007699912738
351000	798	49	153	-3.3510077019126117
352000	799	56	145	-3.352007703912485
353000	788	48	164	-3.3530077059123586
354000	795	44	161	-3.354007707912232
355000	800	49	151	-3.3550077099121056
356000	798	47	155	-3.356007711911979
357000	787	64	149	-3.3570077139118526
358000	797	54	149	-3.358007715911726
359000	775	43	182	-3.3590077179115996
360000	800	49	151	-3.360007719911473
361000	802	53	145	-3.3610077219113466
362000	807	51	142	-3.36200772391122
363000	794	60	146	-3.3630077259110935
364000	794	50	156	-3.364007727910967
365000	805	48	147	-3.3650077299108405
366000	782	51	167	-3.366007731910714
367000	791	51	158	-3.3670077339105875
368000	816	35	149	-3.368007735910461
369000	775	64	161	-3.3690077379103345
370000	806	48	146	-3.370007739910208
371000	804	38	158	-3.3710077419100815
372000	797	40	163	-3.372007743909955
373000	789	54	157	-3.3730077459098284
374000	799	58	143	-3.374007747909702
375000	799	53	148	-3.3750077499095754
376000	800	46	154	-3.376007751909449
377000	779	71	150	-3.3770077539093224
378000	822	40	138	-3.378007755909196
379000	793	49	158	-3.3790077579090694
380000	809	45	146	-3.380007759908943
381000	814	40	146	-3.3810077619088164
382000	803	40	157	-3.38200776390869
383000	797	54	149	-3.3830077659085633
384000	808	46	146	-3.384007767908437
385000	806	49	145	-3.3850077699083103
386000	812	41	147	-3.386007771908184
387000	776	53	171	-3.3870077739080573
388000	821	50	129	-3.388007775907931
389000	806	54	140	-3.3890077779078043
390000	794	45	161	-3.3900077799076778
391000	802	49	149	-3.3910077819075513
392000	781	57	162	-3.3920077839074247
393000	803	58	139	-3.3930077859072982
394000	803	36	161	-3.3940077879071717
395000	800	44	156	-3.395007789907045
396000	812	50	138	-3.3960077919069187
397000	790	46	164	-3.397007793906792
398000	799	51	150	-3.3980077959066657
399000	824	48	128	-3.399007797906539
400000	797	54	149	-3.4000077999064127
401000	799	53	148	-3.401007801906286
402000	794	51	155	-3.4020078039061596
403000	805	44	151	-3.403007805906033
404000	802	41	157	-3.4040078079059066
405000	823	42	135	-3.40500780990578
406000	808	48	144	-3.4060078119056536
407000	781	64	155	-3.407007813905527
408000	808	41	151	-3.4080078159054006
409000	806	49	145	-3.409007817905274
410000	809	52	139	-3.4100078199051476
411000	808	52	140	-3.411007821905021
412000	809	37	154	-3.4120078239048945
413000	816	47	137	-3.413007825904768
414000	820	41	139	-3.4140078279046415
415000	815	47	138	-3.415007829904515
416000	794	42	164	-3.4160078319043885
417000	809	47	144	-3.417007833904262
418000	811	44	145	-3.4180078359041355
419000	806	44	150	-3.419007837904009
420000	770	62	168	-3.4200078399038825
421000	827	45	128	-3.421007841903756
422000	810	50	140	-3.4220078439036294
423000	790	56	154	-3.423007845903503
424000	794	59	147	-3.4240078479033764
425000	788	62	150	-3.42500784990325
426000	810	49	141	-3.4260078519031234
427000	793	60	147	-3.427007853902997
428000	786	62	152	-3.4280078559028704
429000	833	48	119	-3.429007857902744
430000	822	43	135	-3.4300078599026174
431000	774	50	176	-3.431007861902491
432000	781	56	163	-3.4320078639023643
433000	796	51	153	-3.433007865902238
434000	812	44	144	-3.4340078679021113
435000	809	47	144	-3.435007869901985
436000	787	59	154	-3.4360078719018583
437000	785	45	170	-3.437007873901732
438000	793	51	156	-3.4380078759016053
439000	798	51	151	-3.4390078779014788
440000	813	54	133	-3.4400078799013523
441000	801	48	151	-3.4410078819012258
442000	788	54	158	-3.4420078839010992
443000	797	41	162	-3.4430078859009727
444000	797	50	153	-3.444007887900846
445000	796	55	149	-3.4450078899007197
446000	795	44	161	-3.446007891900593
447000	795	48	157	-3.4470078939004667
448000	783	53	164	-3.44800789590034
449000	792	61	147	-3.4490078979002137
450000	799	48	153	-3.450007899900087
451000	775	58	167	-3.4510079018999607
452000	793	53	154	-3.452007903899834
453000	807	55	138	-3.4530079058997076
454000	794	52	154	-3.454007907899581
455000	791	56	153	-3.4550079098994546
456000	779	54	167	-3.456007911899328
457000	804	45	151	-3.4570079138992016
458000	783	41	176	-3.458007915899075
459000	794	52	154	-3.4590079178989486
460000	783	47	170	-3.460007919898822
461000	800	56	144	-3.4610079218986955
462000	785	46	169	-3.462007923898569
463000	807	41	152	-3.4630079258984425
464000	798	55	147	-3.464007927898316
465000	804	43	153	-3.4650079298981895
466000	823	51	126	-3.466007931898063
467000	804	52	144	-3.4670079338979365
468000	789	52	159	-3.46800793589781
469000	796	59	145	-3.4690079378976835
470000	803	46	151	-3.470007939897557
471000	795	47	158	-3.4710079418974304
472000	799	46	155	-3.472007943897304
473000	795	43	162	-3.4730079458971774
474000	822	35	143	-3.474007947897051
475000	810	43	147	-3.4750079498969244
476000	806	47	147	-3.476007951896798
477000	797	56	147	-3.4770079538966714
478000	813	50	137	-3.478007955896545
479000	794	48	158	-3.4790079578964184
480000	798	55	147	-3.480007959896292
481000	819	46	135	-3.4810079618961653
482000	812	46	142	-3.482007963896039
483000	800	65	135	-3.4830079658959123
484000	805	64	131	-3.484007967895786
485000	815	45	140	-3.4850079698956593
486000	806	58	136	-3.486007971895533
487000	795	59	146	-3.4870079738954063
488000	809	38	153	-3.4880079758952798
489000	795	38	167	-3.4890079778951533
490000	804	33	163	-3.4900079798950268
491000	799	50	151	-3.4910079818949002
492000	812	52	136	-3.4920079838947737
493000	795	47	158	-3.4930079858946472
494000	766	52	182	-3.4940079878945207
495000	822	41	137	-3.495007989894394
496000	795	47	158	-3.4960079918942677
497000	803	44	153	-3.497007993894141
498000	789	52	159	-3.4980079958940147
499000	816	41	143	-3.499007997893888
500000	809	54	137	-3.5000079998937617
501000	810	43	147	-3.5000079998937617
502000	782	50	168	-3.5000079998937617
503000	815	46	139	-3.5000079998937617
504000	816	52	132	-3.5000079998937617
505000	818	53	129	-3.5000079998937617
506000	782	51	167	-3.5000079998937617
507000	776	51	173	-3.5000079998937617
508000	804	39	157	-3.5000079998937617
509000	792	57	151	-3.5000079998937617
510000	811	51	138	-3.5000079998937617
511000	794	46	160	-3.5000079998937617
512000	790	47	163	-3.5000079998937617
513000	811	45	144	-3.5000079998937617
514000	786	51	163	-3.5000079998937617
515000	806	47	147	-3.5000079998937617
516000	803	53	144	-3.5000079998937617
517000	797	58	145	-3.5000079998937617
518000	799	45	156	-3.5000079998937617
519000	817	51	132	-3.5000079998937617
520000	795	52	153	-3.5000079998937617
521000	828	35	137	-3.5000079998937617
522000	789	53	158	-3.5000079998937617
523000	809	45	146	-3.5000079998937617
524000	779	59	162	-3.5000079998937617
525000	793	56	151	-3.5000079998937617
526000	816	49	135	-3.5000079998937617
527000	800	38	162	-3.5000079998937617
528000	794	55	151	-3.5000079998937617
529000	801	54	145	-3.5000079998937617
530000	802	52	146	-3.5000079998937617
531000	804	50	146	-3.5000079998937617
532000	781	43	176	-3.5000079998937617
533000	800	57	143	-3.5000079998937617
534000	790	45	165	-3.5000079998937617
535000	810	47	143	-3.5000079998937617
536000	792	38	170	-3.5000079998937617
537000	785	47	168	-3.5000079998937617
538000	777	49	174	-3.5000079998937617
539000	784	54	162	-3.5000079998937617
540000	806	49	145	-3.5000079998937617
541000	809	52	139	-3.5000079998937617
542000	783	49	168	-3.5000079998937617
543000	793	52	155	-3.5000079998937617
544000	811	37	152	-3.5000079998937617
545000	821	43	136	-3.5000079998937617
546000	810	61	129	-3.5000079998937617
547000	788	57	155	-3.5000079998937617
548000	797	52	151	-3.5000079998937617
549000	806	58	136	-3.5000079998937617
550000	792	55	153	-3.5000079998937617
551000	810	60	130	-3.5000079998937617
552000	804	52	144	-3.5000079998937617
553000	799	57	144	-3.5000079998937617
554000	803	37	160	-3.5000079998937617
555000	820	46	134	-3.5000079998937617
556000	800	45	155	-3.5000079998937617
557000	822	45	133	-3.5000079998937617
558000	775	46	179	-3.5000079998937617
559000	794	55	151	-3.5000079998937617
560000	791	45	164	-3.5000079998937617
561000	818	52	130	-3.5000079998937617
562000	781	50	169	-3.5000079998937617
563000	798	46	156	-3.5000079998937617
564000	791	47	162	-3.5000079998937617
565000	798	45	157	-3.5000079998937617
566000	788	58	154	-3.5000079998937617
567000	780	52	168	-3.5000079998937617
568000	789	49	162	-3.5000079998937617
569000	790	58	152	-3.5000079998937617
570000	794	52	154	-3.5000079998937617
571000	806	50	144	-3.5000079998937617
572000	810	46	144	-3.5000079998937617
573000	803	40	157	-3.5000079998937617
574000	796	45	159	-3.5000079998937617
575000	799	52	149	-3.5000079998937617
576000	795	57	148	-3.5000079998937617
577000	818	47	135	-3.5000079998937617
578000	784	56	160	-3.5000079998937617
579000	803	42	155	-3.5000079998937617
580000	782	57	161	-3.5000079998937617
581000	788	60	152	-3.5000079998937617
582000	809	49	142	-3.5000079998937617
583000	785	57	158	-3.5000079998937617
584000	782	63	155	-3.5000079998937617
585000	770	61	169	-3.5000079998937617
586000	807	62	131	-3.5000079998937617
587000	802	50	148	-3.5000079998937617
588000	788	51	161	-3.5000079998937617
589000	764	66	170	-3.5000079998937617
590000	810	61	129	-3.5000079998937617
591000	793	56	151	-3.5000079998937617
592000	812	43	145	-3.5000079998937617
593000	795	60	145	-3.5000079998937617
594000	802	50	148	-3.5000079998937617
595000	790	46	164	-3.5000079998937617
596000	799	56	145	-3.5000079998937617
597000	781	73	146	-3.5000079998937617
598000	788	59	153	-3.5000079998937617
599000	798	44	158	-3.5000079998937617
600000	788	62	150	-3.5000079998937617
601000	814	53	133	-3.5000079998937617
602000	800	54	146	-3.5000079998937617
603000	806	39	155	-3.5000079998937617
604000	793	54	153	-3.5000079998937617
605000	801	59	140	-3.5000079998937617
606000	780	53	167	-3.5000079998937617
607000	778	55	167	-3.5000079998937617
608000	776	69	155	-3.5000079998937617
609000	807	53	140	-3.5000079998937617
610000	794	56	150	-3.5000079998937617
611000	787	59	154	-3.5000079998937617
612000	796	51	153	-3.5000079998937617
613000	805	50	145	-3.5000079998937617
614000	769	69	162	-3.5000079998937617
615000	794	55	151	-3.5000079998937617
616000	817	43	140	-3.5000079998937617
617000	790	40	170	-3.5000079998937617
618000	809	41	150	-3.5000079998937617
619000	780	42	178	-3.5000079998937617
620000	805	57	138	-3.5000079998937617
621000	821	41	138	-3.5000079998937617
622000	804	54	142	-3.5000079998937617
623000	791	49	160	-3.5000079998937617
624000	778	57	165	-3.5000079998937617
625000	818	43	139	-3.5000079998937617
626000	776	50	174	-3.5000079998937617
627000	803	43	154	-3.5000079998937617
628000	801	51	148	-3.5000079998937617
629000	801	39	160	-3.5000079998937617
630000	798	50	152	-3.5000079998937617
631000	802	46	152	-3.5000079998937617
632000	780	48	172	-3.5000079998937617
633000	810	48	142	-3.5000079998937617
634000	798	42	160	-3.5000079998937617
635000	800	48	152	-3.5000079998937617
636000	817	43	140	-3.5000079998937617
637000	825	38	137	-3.5000079998937617
638000	800	55	145	-3.5000079998937617
639000	787	62	151	-3.5000079998937617
640000	800	49	151	-3.5000079998937617
641000	789	54	157	-3.5000079998937617
642000	801	50	149	-3.5000079998937617
643000	786	59	155	-3.5000079998937617
644000	792	48	160	-3.5000079998937617
645000	812	50	138	-3.5000079998937617
646000	779	54	167	-3.5000079998937617
647000	827	39	134	-3.5000079998937617
648000	812	42	146	-3.5000079998937617
649000	797	56	147	-3.5000079998937617
650000	811	47	142	-3.5000079998937617
651000	787	54	159	-3.5000079998937617
652000	818	59	123	-3.5000079998937617
653000	779	58	163	-3.5000079998937617
654000	812	37	151	-3.5000079998937617
655000	805	38	157	-3.5000079998937617
656000	778	49	173	-3.5000079998937617
657000	784	57	159	-3.5000079998937617
658000	807	55	138	-3.5000079998937617
659000	780	56	164	-3.5000079998937617
660000	783	53	164	-3.5000079998937617
661000	794	46	160	-3.5000079998937617
662000	801	47	152	-3.5000079998937617
663000	797	43	160	-3.5000079998937617
664000	779	52	169	-3.5000079998937617
665000	789	52	159	-3.5000079998937617
666000	790	55	155	-3.5000079998937617
667000	799	48	153	-3.5000079998937617
668000	807	54	139	-3.5000079998937617
669000	770	70	160	-3.5000079998937617
670000	811	48	141	-3.5000079998937617
671000	800	45	155	-3.5000079998937617
672000	807	46	147	-3.5000079998937617
673000	790	43	167	-3.5000079998937617
674000	790	48	162	-3.5000079998937617
675000	788	54	158	-3.5000079998937617
676000	822	45	133	-3.5000079998937617
677000	808	40	152	-3.5000079998937617
678000	804	44	152	-3.5000079998937617
679000	791	61	148	-3.5000079998937617
680000	797	51	152	-3.5000079998937617
681000	785	62	153	-3.5000079998937617
682000	828	41	131	-3.5000079998937617
683000	807	55	138	-3.5000079998937617
684000	812	42	146	-3.5000079998937617
685000	790	52	158	-3.5000079998937617
686000	795	55	150	-3.5000079998937617
687000	793	45	162	-3.5000079998937617
688000	820	50	130	-3.5000079998937617
689000	820	49	131	-3.5000079998937617
690000	785	49	166	-3.5000079998937617
691000	831	50	119	-3.5000079998937617
692000	789	49	162	-3.5000079998937617
693000	822	46	132	-3.5000079998937617
694000	806	56	138	-3.5000079998937617
695000	800	50	150	-3.5000079998937617
696000	804	44	152	-3.5000079998937617
697000	813	56	131	-3.5000079998937617
698000	798	54	148	-3.5000079998937617
699000	791	54	155	-3.5000079998937617
700000	809	54	137	-3.5000079998937617
701000	779	53	168	-3.5000079998937617
702000	788	46	166	-3.5000079998937617
703000	797	55	148	-3.5000079998937617
704000	800	47	153	-3.5000079998937617
705000	790	49	161	-3.5000079998937617
706000	820	54	126	-3.5000079998937617
707000	788	55	157	-3.5000079998937617
708000	789	56	155	-3.5000079998937617
709000	783	38	179	-3.5000079998937617
710000	800	51	149	-3.5000079998937617
711000	800	52	148	-3.5000079998937617
712000	798	56	146	-3.5000079998937617
713000	783	56	161	-3.5000079998937617
714000	773	61	166	-3.5000079998937617
715000	795	49	156	-3.5000079998937617
716000	814	50	136	-3.5000079998937617
717000	774	60	166	-3.5000079998937617
718000	788	59	153	-3.5000079998937617
719000	787	50	163	-3.5000079998937617
720000	797	42	161	-3.5000079998937617
721000	797	50	153	-3.5000079998937617
722000	792	51	157	-3.5000079998937617
723000	810	46	144	-3.5000079998937617
724000	777	63	160	-3.5000079998937617
725000	808	52	140	-3.5000079998937617
726000	804	41	155	-3.5000079998937617
727000	797	55	148	-3.5000079998937617
728000	787	51	162	-3.5000079998937617
729000	794	48	158	-3.5000079998937617
730000	812	57	131	-3.5000079998937617
731000	804	50	146	-3.5000079998937617
732000	788	56	156	-3.5000079998937617
733000	794	49	157	-3.5000079998937617
734000	779	59	162	-3.5000079998937617
735000	805	50	145	-3.5000079998937617
736000	824	40	136	-3.5000079998937617
737000	799	59	142	-3.5000079998937617
738000	785	67	148	-3.5000079998937617
739000	782	59	159	-3.5000079998937617
740000	805	48	147	-3.5000079998937617
741000	789	69	142	-3.5000079998937617
742000	803	51	146	-3.5000079998937617
743000	799	54	147	-3.5000079998937617
744000	782	60	158	-3.5000079998937617
745000	811	40	149	-3.5000079998937617
746000	794	45	161	-3.5000079998937617
747000	801	52	147	-3.5000079998937617
748000	787	60	153	-3.5000079998937617
749000	824	44	132	-3.5000079998937617
750000	795	45	160	-3.5000079998937617
751000	804	46	150	-3.5000079998937617
752000	811	49	140	-3.5000079998937617
753000	816	49	135	-3.5000079998937617
754000	802	55	143	-3.5000079998937617
755000	796	50	154	-3.5000079998937617
756000	782	60	158	-3.5000079998937617
757000	803	53	144	-3.5000079998937617
758000	795	47	158	-3.5000079998937617
759000	812	46	142	-3.5000079998937617
760000	806	52	142	-3.5000079998937617
761000	807	48	145	-3.5000079998937617
762000	795	50	155	-3.5000079998937617
763000	805	40	155	-3.5000079998937617
764000	782	59	159	-3.5000079998937617
765000	787	63	150	-3.5000079998937617
766000	801	63	136	-3.5000079998937617
767000	793	53	154	-3.5000079998937617
768000	799	53	148	-3.5000079998937617
769000	810	49	141	-3.5000079998937617
770000	793	51	156	-3.5000079998937617
771000	786	68	146	-3.5000079998937617
772000	804	38	158	-3.5000079998937617
773000	822	39	139	-3.5000079998937617
774000	802	41	157	-3.5000079998937617
775000	808	47	145	-3.5000079998937617
776000	790	53	157	-3.5000079998937617
777000	805	55	140	-3.5000079998937617
778000	822	33	145	-3.5000079998937617
779000	801	57	142	-3.5000079998937617
780000	778	52	170	-3.5000079998937617
781000	786	48	166	-3.5000079998937617
782000	815	55	130	-3.5000079998937617
783000	804	49	147	-3.5000079998937617
784000	798	41	161	-3.5000079998937617
785000	799	49	152	-3.5000079998937617
786000	794	50	156	-3.5000079998937617
787000	792	48	160	-3.5000079998937617
788000	802	55	143	-3.5000079998937617
789000	786	70	144	-3.5000079998937617
790000	799	46	155	-3.5000079998937617
791000	805	48	147	-3.5000079998937617
792000	782	56	162	-3.5000079998937617
793000	798	47	155	-3.5000079998937617
794000	781	52	167	-3.5000079998937617
795000	819	48	133	-3.5000079998937617
796000	785	40	175	-3.5000079998937617
797000	814	43	143	-3.5000079998937617
798000	797	54	149	-3.5000079998937617
799000	803	48	149	-3.5000079998937617
800000	805	48	147	-3.5000079998937617
801000	810	50	140	-3.5000079998937617
802000	800	49	151	-3.5000079998937617
803000	784	52	164	-3.5000079998937617
804000	787	53	160	-3.5000079998937617
805000	771	60	169	-3.5000079998937617
806000	795	44	161	-3.5000079998937617
807000	803	53	144	-3.5000079998937617
808000	775	69	156	-3.5000079998937617
809000	790	49	161	-3.5000079998937617
810000	798	54	148	-3.5000079998937617
811000	806	58	136	-3.5000079998937617
812000	793	48	159	-3.5000079998937617
813000	826	49	125	-3.5000079998937617
814000	817	67	116	-3.5000079998937617
815000	782	52	166	-3.5000079998937617
816000	787	50	163	-3.5000079998937617
817000	797	54	149	-3.5000079998937617
818000	794	47	159	-3.5000079998937617
819000	792	63	145	-3.5000079998937617
820000	803	46	151	-3.5000079998937617
821000	789	38	173	-3.5000079998937617
822000	781	44	175	-3.5000079998937617
823000	808	38	154	-3.5000079998937617
824000	786	50	164	-3.5000079998937617
825000	794	60	146	-3.5000079998937617
826000	813	54	133	-3.5000079998937617
827000	793	52	155	-3.5000079998937617
828000	823	37	140	-3.5000079998937617
829000	782	62	156	-3.5000079998937617
830000	808	42	150	-3.5000079998937617
831000	809	49	142	-3.5000079998937617
832000	794	61	145	-3.5000079998937617
833000	801	51	148	-3.5000079998937617
834000	803	39	158	-3.5000079998937617
835000	801	47	152	-3.5000079998937617
836000	798	53	149	-3.5000079998937617
837000	798	50	152	-3.5000079998937617
838000	810	46	144	-3.5000079998937617
839000	804	51	145	-3.5000079998937617
840000	790	54	156	-3.5000079998937617
841000	817	48	135	-3.5000079998937617
842000	774	48	178	-3.5000079998937617
843000	791	60	149	-3.5000079998937617
844000	817	55	128	-3.5000079998937617
845000	795	51	154	-3.5000079998937617
846000	802	53	145	-3.5000079998937617
847000	810	47	143	-3.5000079998937617
848000	812	47	141	-3.5000079998937617
849000	800	57	143	-3.5000079998937617
850000	814	53	133	-3.5000079998937617
851000	780	56	164	-3.5000079998937617
852000	804	50	146	-3.5000079998937617
853000	790	59	151	-3.5000079998937617
854000	787	63	150	-3.5000079998937617
855000	791	61	148	-3.5000079998937617
856000	802	55	143	-3.5000079998937617
857000	771	62	167	-3.5000079998937617
858000	802	52	146	-3.5000079998937617
859000	819	44	137	-3.5000079998937617
860000	799	47	154	-3.5000079998937617
861000	795	63	142	-3.5000079998937617
862000	782	53	165	-3.5000079998937617
863000	797	43	160	-3.5000079998937617
864000	809	44	147	-3.5000079998937617
865000	822	34	144	-3.5000079998937617
866000	798	39	163	-3.5000079998937617
867000	823	41	136	-3.5000079998937617
868000	797	53	150	-3.5000079998937617
869000	806	49	145	-3.5000079998937617
870000	789	49	162	-3.5000079998937617
871000	794	62	144	-3.5000079998937617
872000	799	54	147	-3.5000079998937617
873000	818	53	129	-3.5000079998937617
874000	801	54	145	-3.5000079998937617
875000	786	63	151	-3.5000079998937617
876000	810	39	151	-3.5000079998937617
877000	809	53	138	-3.5000079998937617
878000	785	58	157	-3.5000079998937617
879000	787	62	151	-3.5000079998937617
880000	798	44	158	-3.5000079998937617
881000	802	50	148	-3.5000079998937617
882000	809	51	140	-3.5000079998937617
883000	779	58	163	-3.5000079998937617
884000	805	51	144	-3.5000079998937617
885000	797	55	148	-3.5000079998937617
886000	805	62	133	-3.5000079998937617
887000	801	49	150	-3.5000079998937617
888000	801	41	158	-3.5000079998937617
889000	786	56	158	-3.5000079998937617
890000	781	52	167	-3.5000079998937617
891000	823	44	133	-3.5000079998937617
892000	797	50	153	-3.5000079998937617
893000	791	53	156	-3.5000079998937617
894000	793	56	151	-3.5000079998937617
895000	780	46	174	-3.5000079998937617
896000	784	51	165	-3.5000079998937617
897000	788	46	166	-3.5000079998937617
898000	836	47	117	-3.5000079998937617
899000	810	59	131	-3.5000079998937617
900000	792	54	154	-3.5000079998937617
901000	793	49	158	-3.5000079998937617
902000	822	38	140	-3.5000079998937617
903000	801	54	145	-3.5000079998937617
904000	801	41	158	-3.5000079998937617
905000	797	45	158	-3.5000079998937617
906000	810	46	144	-3.5000079998937617
907000	787	57	156	-3.5000079998937617
908000	806	51	143	-3.5000079998937617
909000	804	44	152	-3.5000079998937617
910000	796	46	158	-3.5000079998937617
911000	795	47	158	-3.5000079998937617
912000	805	55	140	-3.5000079998937617
913000	804	40	156	-3.5000079998937617
914000	812	52	136	-3.5000079998937617
915000	774	48	178	-3.5000079998937617
916000	795	50	155	-3.5000079998937617
917000	795	58	147	-3.5000079998937617
918000	803	52	145	-3.5000079998937617
919000	803	46	151	-3.5000079998937617
920000	801	49	150	-3.5000079998937617
921000	792	42	166	-3.5000079998937617
922000	794	47	159	-3.5000079998937617
923000	769	51	180	-3.5000079998937617
924000	814	31	155	-3.5000079998937617
925000	790	45	165	-3.5000079998937617
926000	791	49	160	-3.5000079998937617
927000	788	58	154	-3.5000079998937617
928000	810	54	136	-3.5000079998937617
929000	792	54	154	-3.5000079998937617
930000	800	53	147	-3.5000079998937617
931000	802	60	138	-3.5000079998937617
932000	807	52	141	-3.5000079998937617
933000	784	58	158	-3.5000079998937617
934000	815	51	134	-3.5000079998937617
935000	794	61	145	-3.5000079998937617
936000	788	47	165	-3.5000079998937617
937000	805	42	153	-3.5000079998937617
938000	804	47	149	-3.5000079998937617
939000	791	49	160	-3.5000079998937617
940000	797	47	156	-3.5000079998937617
941000	784	49	167	-3.5000079998937617
942000	803	54	143	-3.5000079998937617
943000	792	54	154	-3.5000079998937617
944000	821	44	135	-3.5000079998937617
945000	801	47	152	-3.5000079998937617
946000	799	50	151	-3.5000079998937617
947000	791	49	160	-3.5000079998937617
948000	788	48	164	-3.5000079998937617
949000	780	46	174	-3.5000079998937617
950000	789	58	153	-3.5000079998937617
951000	778	58	164	-3.5000079998937617
952000	801	50	149	-3.5000079998937617
953000	796	65	139	-3.5000079998937617
954000	806	51	143	-3.5000079998937617
955000	803	48	149	-3.5000079998937617
956000	791	54	155	-3.5000079998937617
957000	807	45	148	-3.5000079998937617
958000	793	51	156	-3.5000079998937617
959000	785	57	158	-3.5000079998937617
960000	801	55	144	-3.5000079998937617
961000	797	49	154	-3.5000079998937617
962000	798	53	149	-3.5000079998937617
963000	805	51	144	-3.5000079998937617
964000	799	44	157	-3.5000079998937617
965000	794	47	159	-3.5000079998937617
966000	801	54	145	-3.5000079998937617
967000	799	40	161	-3.5000079998937617
968000	798	51	151	-3.5000079998937617
969000	792	47	161	-3.5000079998937617
970000	781	63	156	-3.5000079998937617
971000	782	47	171	-3.5000079998937617
972000	789	50	161	-3.5000079998937617
973000	794	44	162	-3.5000079998937617
974000	819	37	144	-3.5000079998937617
975000	810	58	132	-3.5000079998937617
976000	786	59	155	-3.5000079998937617
977000	810	46	144	-3.5000079998937617
978000	797	53	150	-3.5000079998937617
979000	806	38	156	-3.5000079998937617
980000	805	46	149	-3.5000079998937617
981000	791	62	147	-3.5000079998937617
982000	794	54	152	-3.5000079998937617
983000	797	45	158	-3.5000079998937617
984000	802	52	146	-3.5000079998937617
985000	791	45	164	-3.5000079998937617
986000	808	44	148	-3.5000079998937617
987000	778	60	162	-3.5000079998937617
988000	811	46	143	-3.5000079998937617
989000	809	43	148	-3.5000079998937617
990000	800	46	154	-3.5000079998937617
991000	793	52	155	-3.5000079998937617
992000	797	51	152	-3.5000079998937617
993000	801	55	144	-3.5000079998937617
994000	768	60	172	-3.5000079998937617
995000	797	46	157	-3.5000079998937617
996000	815	53	132	-3.5000079998937617
997000	801	56	143	-3.5000079998937617
998000	792	68	140	-3.5000079998937617
999000	778	58	164	-3.5000079998937617
