Episode	avg	min	max
0	-200.0	-200.0	-200.0
500	-200.0	-200.0	-200.0
1000	-200.0	-200.0	-200.0
1500	-200.0	-200.0	-200.0
2000	-199.78	-200.0	-165.0
2500	-199.79	-200.0	-167.0
3000	-199.808	-200.0	-169.0
3500	-199.636	-200.0	-165.0
4000	-199.748	-200.0	-164.0
4500	-199.738	-200.0	-159.0
5000	-199.352	-200.0	-158.0
5500	-199.538	-200.0	-164.0
6000	-199.832	-200.0	-161.0
6500	-199.44	-200.0	-162.0
7000	-199.776	-200.0	-168.0
7500	-198.812	-200.0	-156.0
8000	-199.25	-200.0	-159.0
8500	-199.8	-200.0	-164.0
9000	-198.698	-200.0	-153.0
9500	-198.994	-200.0	-156.0
10000	-199.148	-200.0	-160.0
10500	-198.924	-200.0	-158.0
11000	-198.552	-200.0	-155.0
11500	-199.014	-200.0	-148.0
12000	-198.308	-200.0	-154.0
12500	-199.11	-200.0	-157.0
13000	-197.942	-200.0	-155.0
13500	-199.078	-200.0	-161.0
14000	-199.556	-200.0	-156.0
14500	-199.156	-200.0	-163.0
15000	-197.872	-200.0	-155.0
15500	-198.208	-200.0	-156.0
16000	-199.406	-200.0	-159.0
16500	-198.582	-200.0	-160.0
17000	-199.318	-200.0	-162.0
17500	-199.13	-200.0	-155.0
18000	-198.476	-200.0	-155.0
18500	-198.966	-200.0	-159.0
19000	-198.624	-200.0	-156.0
19500	-199.21	-200.0	-158.0
20000	-198.534	-200.0	-159.0
20500	-198.678	-200.0	-154.0
21000	-197.854	-200.0	-151.0
21500	-198.868	-200.0	-156.0
22000	-196.902	-200.0	-151.0
22500	-197.884	-200.0	-155.0
23000	-197.876	-200.0	-155.0
23500	-198.176	-200.0	-154.0
24000	-198.604	-200.0	-149.0
24500	-197.582	-200.0	-150.0
25000	-196.462	-200.0	-152.0
25500	-198.744	-200.0	-158.0
26000	-197.892	-200.0	-153.0
26500	-198.054	-200.0	-154.0
27000	-197.514	-200.0	-153.0
27500	-197.424	-200.0	-147.0
28000	-197.246	-200.0	-155.0
28500	-195.774	-200.0	-147.0
29000	-196.88	-200.0	-152.0
29500	-197.14	-200.0	-153.0
30000	-194.228	-200.0	-147.0
30500	-195.904	-200.0	-147.0
31000	-197.938	-200.0	-156.0
31500	-195.704	-200.0	-149.0
32000	-197.336	-200.0	-153.0
32500	-196.198	-200.0	-147.0
33000	-195.9	-200.0	-152.0
33500	-197.36	-200.0	-146.0
34000	-198.798	-200.0	-151.0
34500	-196.17	-200.0	-152.0
35000	-194.306	-200.0	-155.0
35500	-194.568	-200.0	-146.0
36000	-194.892	-200.0	-153.0
36500	-195.45	-200.0	-153.0
37000	-196.296	-200.0	-150.0
37500	-193.686	-200.0	-147.0
38000	-192.678	-200.0	-149.0
38500	-194.06	-200.0	-148.0
39000	-196.626	-200.0	-154.0
39500	-195.064	-200.0	-147.0
40000	-193.152	-200.0	-151.0
40500	-197.294	-200.0	-148.0
41000	-197.782	-200.0	-154.0
41500	-194.776	-200.0	-147.0
42000	-193.47	-200.0	-146.0
42500	-195.432	-200.0	-142.0
43000	-191.468	-200.0	-145.0
43500	-190.694	-200.0	-142.0
44000	-196.136	-200.0	-151.0
44500	-194.558	-200.0	-145.0
45000	-188.766	-200.0	-137.0
45500	-193.096	-200.0	-150.0
46000	-192.276	-200.0	-131.0
46500	-196.004	-200.0	-146.0
47000	-192.15	-200.0	-151.0
47500	-192.008	-200.0	-146.0
48000	-192.938	-200.0	-147.0
48500	-189.392	-200.0	-145.0
49000	-189.978	-200.0	-147.0
49500	-194.048	-200.0	-148.0
50000	-193.708	-200.0	-143.0
50500	-193.062	-200.0	-152.0
51000	-189.392	-200.0	-143.0
51500	-188.47	-200.0	-143.0
52000	-195.296	-200.0	-150.0
52500	-193.794	-200.0	-146.0
53000	-194.4	-200.0	-151.0
53500	-192.314	-200.0	-143.0
54000	-195.098	-200.0	-146.0
54500	-194.474	-200.0	-145.0
55000	-190.752	-200.0	-149.0
55500	-194.502	-200.0	-146.0
56000	-186.388	-200.0	-144.0
56500	-191.68	-200.0	-141.0
57000	-186.118	-200.0	-144.0
57500	-184.396	-200.0	-144.0
58000	-179.876	-200.0	-124.0
58500	-191.026	-200.0	-150.0
59000	-194.114	-200.0	-147.0
59500	-190.88	-200.0	-145.0
60000	-190.864	-200.0	-151.0
60500	-192.07	-200.0	-149.0
61000	-187.576	-200.0	-144.0
61500	-191.54	-200.0	-144.0
62000	-185.352	-200.0	-147.0
62500	-188.784	-200.0	-146.0
63000	-191.62	-200.0	-146.0
63500	-191.168	-200.0	-152.0
64000	-187.524	-200.0	-140.0
64500	-187.586	-200.0	-145.0
65000	-187.478	-200.0	-142.0
65500	-182.384	-200.0	-143.0
66000	-185.066	-200.0	-144.0
66500	-186.584	-200.0	-140.0
67000	-181.924	-200.0	-134.0
67500	-189.774	-200.0	-143.0
68000	-184.922	-200.0	-140.0
68500	-186.328	-200.0	-136.0
69000	-187.104	-200.0	-144.0
69500	-182.382	-200.0	-144.0
70000	-187.004	-200.0	-127.0
70500	-187.786	-200.0	-147.0
71000	-188.248	-200.0	-139.0
71500	-183.996	-200.0	-141.0
72000	-186.96	-200.0	-146.0
72500	-186.092	-200.0	-144.0
73000	-183.422	-200.0	-124.0
73500	-184.398	-200.0	-120.0
74000	-189.162	-200.0	-145.0
74500	-190.682	-200.0	-120.0
75000	-181.964	-200.0	-145.0
75500	-187.41	-200.0	-143.0
76000	-183.604	-200.0	-144.0
76500	-187.742	-200.0	-143.0
77000	-187.382	-200.0	-114.0
77500	-182.744	-200.0	-143.0
78000	-186.13	-200.0	-142.0
78500	-183.354	-200.0	-138.0
79000	-187.128	-200.0	-145.0
79500	-179.002	-200.0	-132.0
80000	-179.624	-200.0	-122.0
80500	-179.834	-200.0	-143.0
81000	-181.734	-200.0	-139.0
81500	-181.364	-200.0	-146.0
82000	-174.728	-200.0	-124.0
82500	-186.562	-200.0	-142.0
83000	-181.574	-200.0	-138.0
83500	-180.22	-200.0	-131.0
84000	-179.41	-200.0	-143.0
84500	-176.884	-200.0	-116.0
85000	-178.762	-200.0	-125.0
85500	-175.806	-200.0	-140.0
86000	-176.248	-200.0	-117.0
86500	-180.954	-200.0	-120.0
87000	-181.886	-200.0	-140.0
87500	-175.452	-200.0	-129.0
88000	-176.608	-200.0	-136.0
88500	-170.94	-200.0	-115.0
89000	-176.946	-200.0	-115.0
89500	-177.47	-200.0	-130.0
90000	-184.358	-200.0	-141.0
90500	-172.008	-200.0	-111.0
91000	-176.882	-200.0	-122.0
91500	-182.966	-200.0	-144.0
92000	-175.958	-200.0	-124.0
92500	-183.85	-200.0	-120.0
93000	-171.078	-200.0	-114.0
93500	-172.922	-200.0	-144.0
94000	-173.25	-200.0	-121.0
94500	-173.706	-200.0	-136.0
95000	-180.004	-200.0	-142.0
95500	-176.218	-200.0	-140.0
96000	-177.564	-200.0	-115.0
96500	-175.664	-200.0	-112.0
97000	-172.77	-200.0	-134.0
97500	-170.636	-200.0	-138.0
98000	-173.8	-200.0	-118.0
98500	-169.634	-200.0	-116.0
99000	-162.268	-200.0	-109.0
99500	-173.812	-200.0	-109.0
100000	-169.566	-200.0	-109.0
100500	-172.992	-200.0	-118.0
101000	-175.884	-200.0	-114.0
101500	-178.498	-200.0	-106.0
102000	-165.76	-200.0	-112.0
102500	-164.434	-200.0	-111.0
103000	-179.27	-200.0	-120.0
103500	-169.738	-200.0	-114.0
104000	-168.806	-200.0	-111.0
104500	-175.218	-200.0	-122.0
105000	-167.878	-200.0	-99.0
105500	-171.072	-200.0	-112.0
106000	-163.624	-200.0	-115.0
106500	-169.392	-200.0	-116.0
107000	-178.39	-200.0	-115.0
107500	-171.406	-200.0	-122.0
108000	-159.692	-200.0	-87.0
108500	-165.428	-200.0	-120.0
109000	-169.996	-200.0	-112.0
109500	-166.852	-200.0	-109.0
110000	-161.712	-200.0	-111.0
110500	-167.16	-200.0	-107.0
111000	-162.868	-200.0	-113.0
111500	-169.524	-200.0	-110.0
112000	-178.876	-200.0	-143.0
112500	-170.824	-200.0	-133.0
113000	-165.106	-200.0	-99.0
113500	-161.934	-200.0	-111.0
114000	-146.486	-200.0	-112.0
114500	-170.542	-200.0	-110.0
115000	-170.642	-200.0	-111.0
115500	-158.126	-200.0	-95.0
116000	-157.58	-200.0	-116.0
116500	-151.188	-200.0	-97.0
117000	-164.4	-200.0	-107.0
117500	-145.028	-200.0	-107.0
118000	-148.692	-200.0	-108.0
118500	-159.96	-200.0	-113.0
119000	-162.918	-200.0	-116.0
119500	-161.042	-200.0	-118.0
120000	-160.498	-200.0	-113.0
120500	-156.896	-200.0	-135.0
121000	-154.862	-200.0	-112.0
121500	-138.37	-198.0	-112.0
122000	-136.96	-200.0	-110.0
122500	-137.598	-200.0	-111.0
123000	-140.982	-200.0	-111.0
123500	-170.8	-200.0	-114.0
124000	-158.85	-200.0	-116.0
124500	-152.936	-200.0	-113.0
125000	-164.442	-200.0	-116.0
125500	-149.486	-200.0	-112.0
126000	-155.9	-200.0	-116.0
126500	-143.37	-200.0	-117.0
127000	-138.242	-167.0	-117.0
127500	-137.604	-165.0	-117.0
128000	-138.782	-165.0	-117.0
128500	-138.096	-165.0	-117.0
129000	-138.086	-165.0	-117.0
129500	-137.684	-165.0	-117.0
130000	-136.526	-165.0	-117.0
130500	-137.6	-164.0	-117.0
131000	-137.938	-165.0	-117.0
131500	-138.34	-165.0	-117.0
132000	-137.728	-165.0	-117.0
132500	-138.142	-165.0	-117.0
133000	-138.462	-164.0	-117.0
133500	-137.66	-165.0	-117.0
134000	-138.186	-164.0	-117.0
134500	-137.716	-165.0	-117.0
135000	-138.81	-164.0	-117.0
135500	-138.342	-165.0	-117.0
136000	-137.814	-164.0	-117.0
136500	-137.95	-165.0	-117.0
137000	-137.688	-164.0	-117.0
137500	-137.606	-164.0	-117.0
138000	-137.972	-164.0	-117.0
138500	-137.664	-165.0	-117.0
139000	-139.018	-167.0	-117.0
139500	-138.29	-165.0	-117.0
140000	-138.264	-164.0	-117.0
140500	-137.938	-165.0	-117.0
141000	-137.762	-164.0	-117.0
141500	-139.022	-165.0	-117.0
142000	-138.088	-165.0	-117.0
142500	-137.92	-165.0	-117.0
143000	-137.924	-165.0	-117.0
143500	-138.398	-165.0	-117.0
144000	-138.356	-167.0	-117.0
144500	-138.322	-167.0	-117.0
145000	-137.74	-165.0	-117.0
145500	-137.868	-167.0	-117.0
146000	-137.266	-165.0	-117.0
146500	-138.262	-166.0	-117.0
147000	-138.396	-165.0	-117.0
147500	-137.858	-167.0	-117.0
148000	-137.542	-164.0	-117.0
148500	-136.956	-165.0	-117.0
149000	-137.888	-164.0	-117.0
149500	-138.22	-165.0	-117.0
150000	-137.594	-165.0	-117.0
150500	-137.488	-166.0	-117.0
151000	-138.114	-165.0	-117.0
151500	-137.91	-165.0	-117.0
152000	-137.236	-167.0	-117.0
152500	-138.594	-165.0	-117.0
153000	-137.182	-164.0	-117.0
153500	-138.648	-164.0	-117.0
154000	-138.644	-164.0	-117.0
154500	-137.034	-164.0	-117.0
155000	-138.266	-166.0	-117.0
155500	-137.944	-165.0	-117.0
156000	-137.3	-167.0	-117.0
156500	-137.95	-165.0	-117.0
157000	-138.898	-166.0	-117.0
157500	-138.942	-165.0	-117.0
158000	-138.644	-167.0	-117.0
158500	-138.056	-166.0	-117.0
159000	-137.194	-165.0	-117.0
159500	-135.626	-164.0	-117.0
160000	-138.57	-167.0	-117.0
160500	-138.54	-167.0	-117.0
161000	-139.36	-168.0	-117.0
161500	-139.292	-167.0	-117.0
162000	-138.436	-170.0	-117.0
162500	-139.212	-170.0	-117.0
163000	-140.038	-168.0	-117.0
163500	-139.406	-167.0	-117.0
164000	-138.594	-169.0	-117.0
164500	-138.97	-167.0	-117.0
165000	-139.064	-167.0	-117.0
165500	-138.716	-167.0	-117.0
166000	-138.704	-167.0	-117.0
166500	-138.596	-168.0	-117.0
167000	-139.46	-167.0	-117.0
167500	-139.794	-167.0	-117.0
168000	-137.926	-167.0	-117.0
168500	-139.64	-167.0	-117.0
169000	-138.638	-169.0	-117.0
169500	-138.526	-167.0	-117.0
170000	-138.652	-166.0	-117.0
170500	-139.322	-167.0	-117.0
171000	-138.006	-169.0	-117.0
171500	-139.75	-169.0	-117.0
172000	-138.434	-167.0	-117.0
172500	-138.86	-167.0	-117.0
173000	-139.918	-168.0	-117.0
173500	-138.348	-167.0	-117.0
174000	-138.736	-167.0	-117.0
174500	-139.548	-167.0	-117.0
175000	-139.088	-166.0	-117.0
175500	-139.748	-169.0	-117.0
176000	-138.624	-169.0	-117.0
176500	-138.546	-167.0	-117.0
177000	-138.688	-167.0	-117.0
177500	-138.29	-167.0	-117.0
178000	-139.972	-167.0	-117.0
178500	-139.312	-167.0	-117.0
179000	-138.854	-167.0	-117.0
179500	-140.112	-167.0	-117.0
180000	-139.35	-167.0	-117.0
180500	-138.654	-167.0	-117.0
181000	-139.358	-169.0	-117.0
181500	-140.018	-169.0	-117.0
182000	-138.108	-167.0	-117.0
182500	-138.18	-167.0	-117.0
183000	-139.16	-167.0	-117.0
183500	-137.842	-167.0	-117.0
184000	-139.418	-167.0	-117.0
184500	-140.256	-167.0	-117.0
185000	-138.352	-169.0	-117.0
185500	-140.014	-167.0	-117.0
186000	-138.882	-167.0	-117.0
186500	-138.266	-167.0	-117.0
187000	-139.034	-167.0	-117.0
187500	-139.256	-167.0	-117.0
188000	-139.264	-167.0	-117.0
188500	-139.86	-167.0	-117.0
189000	-138.604	-168.0	-117.0
189500	-139.742	-167.0	-117.0
190000	-138.586	-166.0	-117.0
190500	-139.884	-167.0	-117.0
191000	-138.204	-167.0	-117.0
191500	-139.278	-167.0	-117.0
192000	-138.586	-168.0	-117.0
192500	-139.072	-167.0	-116.0
193000	-139.092	-169.0	-116.0
193500	-138.41	-169.0	-116.0
194000	-139.468	-166.0	-116.0
194500	-139.062	-167.0	-116.0
195000	-137.842	-167.0	-116.0
195500	-138.286	-167.0	-116.0
196000	-139.432	-167.0	-116.0
196500	-138.458	-167.0	-116.0
197000	-139.826	-166.0	-116.0
197500	-139.438	-167.0	-116.0
198000	-139.972	-168.0	-116.0
198500	-138.004	-167.0	-116.0
199000	-137.662	-168.0	-116.0
199500	-137.574	-167.0	-116.0
200000	-138.958	-167.0	-116.0
200500	-138.332	-169.0	-116.0
201000	-137.428	-167.0	-116.0
201500	-137.816	-167.0	-116.0
202000	-139.364	-167.0	-116.0
202500	-137.556	-167.0	-116.0
203000	-138.36	-167.0	-116.0
203500	-137.59	-166.0	-116.0
204000	-139.4	-167.0	-116.0
204500	-138.46	-167.0	-116.0
205000	-139.572	-167.0	-116.0
205500	-138.756	-169.0	-116.0
206000	-138.348	-167.0	-116.0
206500	-139.15	-167.0	-116.0
207000	-139.284	-168.0	-116.0
207500	-138.356	-167.0	-116.0
208000	-138.622	-167.0	-116.0
208500	-138.762	-166.0	-116.0
209000	-138.562	-167.0	-116.0
209500	-138.706	-167.0	-116.0
210000	-138.704	-169.0	-116.0
210500	-139.52	-167.0	-116.0
211000	-139.182	-167.0	-116.0
211500	-139.032	-167.0	-116.0
212000	-138.776	-167.0	-116.0
212500	-137.736	-167.0	-116.0
213000	-138.57	-167.0	-116.0
213500	-137.748	-167.0	-116.0
214000	-138.802	-167.0	-116.0
214500	-138.23	-167.0	-116.0
215000	-137.562	-166.0	-116.0
215500	-138.996	-167.0	-116.0
216000	-138.704	-168.0	-116.0
216500	-138.336	-167.0	-116.0
217000	-139.166	-166.0	-116.0
217500	-139.23	-167.0	-116.0
218000	-139.94	-169.0	-116.0
218500	-138.762	-169.0	-116.0
219000	-137.604	-169.0	-116.0
219500	-137.338	-167.0	-116.0
220000	-138.434	-167.0	-116.0
220500	-139.314	-167.0	-116.0
221000	-137.964	-167.0	-116.0
221500	-138.03	-167.0	-116.0
222000	-138.548	-167.0	-116.0
222500	-138.64	-167.0	-116.0
223000	-138.46	-167.0	-116.0
223500	-138.298	-167.0	-116.0
224000	-138.486	-167.0	-116.0
224500	-137.728	-169.0	-116.0
225000	-138.43	-167.0	-116.0
225500	-139.53	-168.0	-116.0
226000	-138.012	-167.0	-116.0
226500	-139.162	-167.0	-116.0
227000	-138.956	-168.0	-116.0
227500	-137.648	-167.0	-116.0
228000	-137.492	-167.0	-116.0
228500	-139.038	-167.0	-116.0
229000	-137.938	-169.0	-116.0
229500	-137.934	-167.0	-116.0
230000	-138.57	-167.0	-116.0
230500	-138.812	-167.0	-117.0
231000	-139.962	-167.0	-117.0
231500	-138.868	-167.0	-117.0
232000	-139.08	-167.0	-117.0
232500	-139.236	-167.0	-117.0
233000	-139.168	-167.0	-117.0
233500	-139.146	-167.0	-117.0
234000	-139.126	-167.0	-117.0
234500	-139.11	-169.0	-117.0
235000	-138.728	-167.0	-117.0
235500	-139.784	-167.0	-117.0
236000	-138.962	-167.0	-117.0
236500	-139.038	-167.0	-117.0
237000	-137.896	-169.0	-117.0
237500	-139.164	-167.0	-117.0
238000	-138.088	-167.0	-117.0
238500	-137.88	-167.0	-117.0
239000	-138.724	-169.0	-117.0
239500	-139.3	-167.0	-117.0
240000	-139.238	-167.0	-117.0
240500	-138.606	-169.0	-117.0
241000	-137.644	-167.0	-117.0
241500	-137.724	-166.0	-117.0
242000	-138.914	-167.0	-117.0
242500	-138.832	-167.0	-117.0
243000	-138.69	-168.0	-117.0
243500	-138.036	-167.0	-117.0
244000	-139.302	-167.0	-117.0
244500	-139.124	-167.0	-117.0
245000	-138.214	-167.0	-117.0
245500	-138.704	-166.0	-117.0
246000	-139.234	-167.0	-117.0
246500	-140.056	-167.0	-117.0
247000	-138.718	-169.0	-117.0
247500	-139.01	-167.0	-117.0
248000	-138.36	-167.0	-117.0
248500	-138.48	-167.0	-117.0
249000	-138.938	-167.0	-117.0
249500	-139.52	-167.0	-117.0
Episode	avg	min	max
0	-200.0	-200.0	-200.0
Episode	avg	min	max
0	-200.0	-200.0	-200.0
