win:	lose:	draw:
50	13	29	8	0.49949998999979883
100	10	25	15	0.49899997999959766
150	9	27	14	0.4984999699993965
200	20	17	13	0.49799995999919533
250	18	19	13	0.49749994999899416
300	18	16	16	0.496999939998793
350	19	16	15	0.4964999299985918
400	15	15	20	0.49599991999839066
450	17	16	17	0.4954999099981895
500	12	20	18	0.4949998999979883
550	12	17	21	0.49449988999778716
600	18	9	23	0.493999879997586
650	12	18	20	0.4934998699973848
700	13	16	21	0.49299985999718365
750	18	15	17	0.4924998499969825
800	16	14	20	0.4919998399967813
850	18	14	18	0.49149982999658015
900	14	14	22	0.490999819996379
950	20	14	16	0.4904998099961778
1000	19	18	13	0.48999979999597665
1050	20	13	17	0.4894997899957755
1100	19	13	18	0.4889997799955743
1150	19	11	20	0.48849976999537315
1200	17	16	17	0.487999759995172
1250	12	12	26	0.4874997499949708
1300	23	12	15	0.48699973999476964
1350	15	7	28	0.4864997299945685
1400	22	14	14	0.4859997199943673
1450	15	13	22	0.48549970999416614
1500	21	10	19	0.48499969999396497
1550	20	13	17	0.4844996899937638
1600	16	18	16	0.48399967999356264
1650	23	9	18	0.48349966999336147
1700	13	16	21	0.4829996599931603
1750	19	13	18	0.48249964999295913
1800	24	9	17	0.48199963999275797
1850	23	13	14	0.4814996299925568
1900	19	17	14	0.48099961999235563
1950	16	13	21	0.48049960999215446
2000	14	8	28	0.4799995999919533
2050	19	15	16	0.47949958999175213
2100	20	11	19	0.47899957999155096
2150	25	11	14	0.4784995699913498
2200	20	13	17	0.4779995599911486
2250	21	15	14	0.47749954999094746
2300	26	6	18	0.4769995399907463
2350	16	12	22	0.4764995299905451
2400	21	21	8	0.47599951999034396
2450	20	12	18	0.4754995099901428
2500	12	18	20	0.4749994999899416
2550	21	6	23	0.47449948998974045
2600	22	12	16	0.4739994799895393
2650	16	14	20	0.4734994699893381
2700	25	11	14	0.47299945998913695
2750	23	6	21	0.4724994499889358
2800	11	12	27	0.4719994399887346
2850	15	13	22	0.47149942998853345
2900	22	7	21	0.4709994199883323
2950	22	8	20	0.4704994099881311
3000	19	12	19	0.46999939998792994
3050	22	10	18	0.4694993899877288
3100	20	14	16	0.4689993799875276
3150	19	9	22	0.46849936998732644
3200	16	14	20	0.4679993599871253
3250	23	7	20	0.4674993499869241
3300	17	14	19	0.46699933998672294
3350	21	15	14	0.46649932998652177
3400	17	12	21	0.4659993199863206
3450	22	9	19	0.46549930998611944
3500	25	7	18	0.46499929998591827
3550	16	13	21	0.4644992899857171
3600	15	14	21	0.46399927998551593
3650	18	11	21	0.46349926998531477
3700	14	15	21	0.4629992599851136
3750	23	6	21	0.46249924998491243
3800	15	8	27	0.46199923998471126
3850	18	10	22	0.4614992299845101
3900	15	13	22	0.46099921998430893
3950	22	7	21	0.46049920998410776
4000	19	9	22	0.4599991999839066
4050	21	11	18	0.4594991899837054
4100	21	12	17	0.45899917998350426
4150	17	14	19	0.4584991699833031
4200	20	18	12	0.4579991599831019
4250	22	9	19	0.45749914998290075
4300	14	13	23	0.4569991399826996
4350	19	15	16	0.4564991299824984
4400	15	15	20	0.45599911998229725
4450	25	5	20	0.4554991099820961
4500	20	13	17	0.4549990999818949
4550	16	10	24	0.45449908998169375
4600	20	11	19	0.4539990799814926
4650	19	8	23	0.4534990699812914
4700	18	9	23	0.45299905998109025
4750	22	14	14	0.4524990499808891
4800	19	7	24	0.4519990399806879
4850	19	8	23	0.45149902998048674
4900	14	15	21	0.4509990199802856
4950	18	11	21	0.4504990099800844
5000	24	8	18	0.44999899997988324
5050	24	11	15	0.4494989899796821
5100	21	5	24	0.4489989799794809
5150	22	10	18	0.44849896997927974
5200	21	12	17	0.44799895997907857
5250	25	12	13	0.4474989499788774
5300	20	11	19	0.44699893997867624
5350	13	14	23	0.44649892997847507
5400	22	12	16	0.4459989199782739
5450	29	6	15	0.44549890997807273
5500	19	10	21	0.44499889997787156
5550	17	12	21	0.4444988899776704
5600	24	9	17	0.44399887997746923
5650	21	11	18	0.44349886997726806
5700	19	10	21	0.4429988599770669
5750	15	9	26	0.4424988499768657
5800	19	6	25	0.44199883997666456
5850	18	11	21	0.4414988299764634
5900	17	6	27	0.4409988199762622
5950	18	16	16	0.44049880997606106
6000	20	9	21	0.4399987999758599
6050	21	14	15	0.4394987899756587
6100	15	9	26	0.43899877997545755
6150	26	3	21	0.4384987699752564
6200	18	10	22	0.4379987599750552
6250	19	15	16	0.43749874997485405
6300	22	8	20	0.4369987399746529
6350	23	8	19	0.4364987299744517
6400	17	13	20	0.43599871997425055
6450	24	8	18	0.4354987099740494
6500	16	8	26	0.4349986999738482
6550	19	12	19	0.43449868997364705
6600	20	10	20	0.4339986799734459
6650	24	10	16	0.4334986699732447
6700	19	11	20	0.43299865997304354
6750	19	6	25	0.4324986499728424
6800	20	9	21	0.4319986399726412
6850	18	6	26	0.43149862997244004
6900	20	11	19	0.43099861997223887
6950	19	7	24	0.4304986099720377
7000	14	14	22	0.42999859997183654
7050	21	6	23	0.42949858997163537
7100	19	6	25	0.4289985799714342
7150	14	13	23	0.42849856997123303
7200	22	6	22	0.42799855997103187
7250	19	13	18	0.4274985499708307
7300	22	9	19	0.42699853997062953
7350	16	14	20	0.42649852997042836
7400	20	8	22	0.4259985199702272
7450	23	10	17	0.42549850997002603
7500	23	8	19	0.42499849996982486
7550	15	14	21	0.4244984899696237
7600	15	14	21	0.4239984799694225
7650	24	3	23	0.42349846996922136
7700	21	13	16	0.4229984599690202
7750	22	8	20	0.422498449968819
7800	15	10	25	0.42199843996861786
7850	23	9	18	0.4214984299684167
7900	17	14	19	0.4209984199682155
7950	21	7	22	0.42049840996801435
8000	13	13	24	0.4199983999678132
8050	14	11	25	0.419498389967612
8100	15	13	22	0.41899837996741085
8150	19	7	24	0.4184983699672097
8200	17	11	22	0.4179983599670085
8250	15	11	24	0.41749834996680735
8300	21	12	17	0.4169983399666062
8350	22	4	24	0.416498329966405
8400	23	4	23	0.41599831996620384
8450	23	11	16	0.4154983099660027
8500	20	7	23	0.4149982999658015
8550	21	7	22	0.41449828996560034
8600	25	8	17	0.4139982799653992
8650	21	11	18	0.413498269965198
8700	23	7	20	0.41299825996499684
8750	24	7	19	0.41249824996479567
8800	15	10	25	0.4119982399645945
8850	24	7	19	0.41149822996439334
8900	12	11	27	0.41099821996419217
8950	19	10	21	0.410498209963991
9000	21	11	18	0.40999819996378983
9050	17	16	17	0.40949818996358867
9100	18	13	19	0.4089981799633875
9150	24	11	15	0.40849816996318633
9200	18	10	22	0.40799815996298516
9250	23	7	20	0.407498149962784
9300	23	11	16	0.40699813996258283
9350	19	9	22	0.40649812996238166
9400	20	9	21	0.4059981199621805
9450	17	8	25	0.4054981099619793
9500	21	4	25	0.40499809996177816
9550	20	8	22	0.404498089961577
9600	23	11	16	0.4039980799613758
9650	25	8	17	0.40349806996117465
9700	18	5	27	0.4029980599609735
9750	14	7	29	0.4024980499607723
9800	26	6	18	0.40199803996057115
9850	18	13	19	0.40149802996037
9900	28	8	14	0.4009980199601688
9950	16	11	23	0.40049800995996765
10000	15	7	28	0.3999979999597665
10050	16	12	22	0.3994979899595653
10100	24	6	20	0.39899797995936415
10150	19	7	24	0.398497969959163
10200	16	8	26	0.3979979599589618
10250	15	6	29	0.39749794995876064
10300	17	11	22	0.3969979399585595
10350	21	12	17	0.3964979299583583
10400	17	10	23	0.39599791995815714
10450	21	12	17	0.395497909957956
10500	18	8	24	0.3949978999577548
10550	29	7	14	0.39449788995755364
10600	25	3	22	0.39399787995735247
10650	25	9	16	0.3934978699571513
10700	25	6	19	0.39299785995695014
10750	23	6	21	0.39249784995674897
10800	27	7	16	0.3919978399565478
10850	20	6	24	0.39149782995634663
10900	22	10	18	0.39099781995614546
10950	23	7	20	0.3904978099559443
11000	18	11	21	0.38999779995574313
11050	21	8	21	0.38949778995554196
11100	16	7	27	0.3889977799553408
11150	18	9	23	0.3884977699551396
11200	21	10	19	0.38799775995493846
11250	17	9	24	0.3874977499547373
11300	21	8	21	0.3869977399545361
11350	18	9	23	0.38649772995433496
11400	23	10	17	0.3859977199541338
11450	22	5	23	0.3854977099539326
11500	18	12	20	0.38499769995373145
11550	17	11	22	0.3844976899535303
11600	17	10	23	0.3839976799533291
11650	19	11	20	0.38349766995312795
11700	20	5	25	0.3829976599529268
11750	20	8	22	0.3824976499527256
11800	25	7	18	0.38199763995252445
11850	19	11	20	0.3814976299523233
11900	21	8	21	0.3809976199521221
11950	16	15	19	0.38049760995192095
12000	24	9	17	0.3799975999517198
12050	17	12	21	0.3794975899515186
12100	19	8	23	0.37899757995131744
12150	12	9	29	0.3784975699511163
12200	23	10	17	0.3779975599509151
12250	21	10	19	0.37749754995071394
12300	16	7	27	0.37699753995051277
12350	21	7	22	0.3764975299503116
12400	17	15	18	0.37599751995011044
12450	22	5	23	0.37549750994990927
12500	24	4	22	0.3749974999497081
12550	18	6	26	0.37449748994950693
12600	24	9	17	0.37399747994930577
12650	24	9	17	0.3734974699491046
12700	21	9	20	0.37299745994890343
12750	19	9	22	0.37249744994870226
12800	19	12	19	0.3719974399485011
12850	19	12	19	0.37149742994829993
12900	16	9	25	0.37099741994809876
12950	20	8	22	0.3704974099478976
13000	22	10	18	0.3699973999476964
13050	21	10	19	0.36949738994749526
13100	19	9	22	0.3689973799472941
13150	22	8	20	0.3684973699470929
13200	21	4	25	0.36799735994689176
13250	20	7	23	0.3674973499466906
13300	24	9	17	0.3669973399464894
13350	25	8	17	0.36649732994628825
13400	21	12	17	0.3659973199460871
13450	18	7	25	0.3654973099458859
13500	22	5	23	0.36499729994568475
13550	20	9	21	0.3644972899454836
13600	23	9	18	0.3639972799452824
13650	14	16	20	0.36349726994508125
13700	14	8	28	0.3629972599448801
13750	17	11	22	0.3624972499446789
13800	20	7	23	0.36199723994447774
13850	24	12	14	0.3614972299442766
13900	22	6	22	0.3609972199440754
13950	22	6	22	0.36049720994387424
14000	24	7	19	0.3599971999436731
14050	20	9	21	0.3594971899434719
14100	22	8	20	0.35899717994327074
14150	25	8	17	0.35849716994306957
14200	24	6	20	0.3579971599428684
14250	27	5	18	0.35749714994266724
14300	21	8	21	0.35699713994246607
14350	16	5	29	0.3564971299422649
14400	16	11	23	0.35599711994206373
14450	24	5	21	0.35549710994186257
14500	20	11	19	0.3549970999416614
14550	16	11	23	0.35449708994146023
14600	23	4	23	0.35399707994125906
14650	22	11	17	0.3534970699410579
14700	27	6	17	0.35299705994085673
14750	20	11	19	0.35249704994065556
14800	24	6	20	0.3519970399404544
14850	24	10	16	0.3514970299402532
14900	22	5	23	0.35099701994005206
14950	17	10	23	0.3504970099398509
15000	14	13	23	0.3499969999396497
15050	22	7	21	0.34949698993944855
15100	22	6	22	0.3489969799392474
15150	16	4	30	0.3484969699390462
15200	17	11	22	0.34799695993884505
15250	20	5	25	0.3474969499386439
15300	27	5	18	0.3469969399384427
15350	17	9	24	0.34649692993824155
15400	21	8	21	0.3459969199380404
15450	23	7	20	0.3454969099378392
15500	23	4	23	0.34499689993763805
15550	17	9	24	0.3444968899374369
15600	18	10	22	0.3439968799372357
15650	13	7	30	0.34349686993703454
15700	20	11	19	0.3429968599368334
15750	17	9	24	0.3424968499366322
15800	23	11	16	0.34199683993643104
15850	14	7	29	0.3414968299362299
15900	25	8	17	0.3409968199360287
15950	20	11	19	0.34049680993582754
16000	23	9	18	0.33999679993562637
16050	24	7	19	0.3394967899354252
16100	23	7	20	0.33899677993522404
16150	21	8	21	0.33849676993502287
16200	23	8	19	0.3379967599348217
16250	21	11	18	0.33749674993462053
16300	26	6	18	0.33699673993441936
16350	19	8	23	0.3364967299342182
16400	21	11	18	0.33599671993401703
16450	21	5	24	0.33549670993381586
16500	18	15	17	0.3349966999336147
16550	18	8	24	0.3344966899334135
16600	12	7	31	0.33399667993321236
16650	20	8	22	0.3334966699330112
16700	26	4	20	0.33299665993281
16750	29	9	12	0.33249664993260886
16800	17	13	20	0.3319966399324077
16850	20	8	22	0.3314966299322065
16900	23	9	18	0.33099661993200535
16950	18	10	22	0.3304966099318042
17000	19	11	20	0.329996599931603
17050	17	6	27	0.32949658993140185
17100	18	4	28	0.3289965799312007
17150	18	4	28	0.3284965699309995
17200	19	11	20	0.32799655993079835
17250	19	5	26	0.3274965499305972
17300	23	4	23	0.326996539930396
17350	23	7	20	0.32649652993019485
17400	23	10	17	0.3259965199299937
17450	23	6	21	0.3254965099297925
17500	16	16	18	0.32499649992959134
17550	20	5	25	0.3244964899293902
17600	24	7	19	0.323996479929189
17650	25	6	19	0.32349646992898784
17700	23	8	19	0.32299645992878667
17750	20	7	23	0.3224964499285855
17800	16	13	21	0.32199643992838434
17850	20	5	25	0.32149642992818317
17900	21	4	25	0.320996419927982
17950	19	8	23	0.32049640992778083
18000	27	11	12	0.31999639992757967
18050	23	6	21	0.3194963899273785
18100	29	3	18	0.31899637992717733
18150	22	10	18	0.31849636992697616
18200	24	5	21	0.317996359926775
18250	24	5	21	0.31749634992657383
18300	17	12	21	0.31699633992637266
18350	24	6	20	0.3164963299261715
18400	19	5	26	0.3159963199259703
18450	18	6	26	0.31549630992576916
18500	22	8	20	0.314996299925568
18550	22	9	19	0.3144962899253668
18600	25	6	19	0.31399627992516566
18650	24	8	18	0.3134962699249645
18700	24	4	22	0.3129962599247633
18750	21	8	21	0.31249624992456215
18800	23	7	20	0.311996239924361
18850	18	6	26	0.3114962299241598
18900	22	8	20	0.31099621992395865
18950	22	7	21	0.3104962099237575
19000	21	10	19	0.3099961999235563
19050	23	3	24	0.30949618992335515
19100	20	4	26	0.308996179923154
19150	27	8	15	0.3084961699229528
19200	19	7	24	0.30799615992275164
19250	21	7	22	0.3074961499225505
19300	24	6	20	0.3069961399223493
19350	17	10	23	0.30649612992214814
19400	27	5	18	0.305996119921947
19450	18	5	27	0.3054961099217458
19500	17	9	24	0.30499609992154464
19550	30	3	17	0.30449608992134347
19600	19	7	24	0.3039960799211423
19650	26	7	17	0.30349606992094114
19700	20	4	26	0.30299605992073997
19750	26	11	13	0.3024960499205388
19800	19	8	23	0.30199603992033763
19850	19	8	23	0.30149602992013647
19900	22	5	23	0.3009960199199353
19950	21	1	28	0.30049600991973413
20000	23	12	15	0.29999599991953296
20050	31	6	13	0.2994959899193318
20100	20	8	22	0.29899597991913063
20150	20	9	21	0.29849596991892946
20200	23	3	24	0.2979959599187283
20250	18	8	24	0.2974959499185271
20300	21	9	20	0.29699593991832596
20350	20	6	24	0.2964959299181248
20400	22	4	24	0.2959959199179236
20450	20	9	21	0.29549590991772245
20500	24	8	18	0.2949958999175213
20550	25	7	18	0.2944958899173201
20600	23	5	22	0.29399587991711895
20650	23	3	24	0.2934958699169178
20700	17	7	26	0.2929958599167166
20750	19	9	22	0.29249584991651545
20800	23	4	23	0.2919958399163143
20850	25	7	18	0.2914958299161131
20900	18	8	24	0.29099581991591195
20950	23	7	20	0.2904958099157108
21000	20	7	23	0.2899957999155096
21050	21	5	24	0.28949578991530844
21100	24	4	22	0.2889957799151073
21150	22	7	21	0.2884957699149061
21200	19	9	22	0.28799575991470494
21250	17	7	26	0.2874957499145038
21300	16	9	25	0.2869957399143026
21350	13	10	27	0.28649572991410144
21400	23	9	18	0.28599571991390027
21450	21	6	23	0.2854957099136991
21500	23	2	25	0.28499569991349794
21550	22	9	19	0.28449568991329677
21600	30	8	12	0.2839956799130956
21650	20	8	22	0.28349566991289443
21700	24	6	20	0.28299565991269326
21750	29	9	12	0.2824956499124921
21800	20	7	23	0.28199563991229093
21850	21	6	23	0.28149562991208976
21900	17	8	25	0.2809956199118886
21950	22	9	19	0.2804956099116874
22000	21	10	19	0.27999559991148626
22050	22	14	14	0.2794955899112851
22100	18	12	20	0.2789955799110839
22150	25	8	17	0.27849556991088276
22200	21	8	21	0.2779955599106816
22250	25	8	17	0.2774955499104804
22300	22	4	24	0.27699553991027925
22350	19	4	27	0.2764955299100781
22400	21	7	22	0.2759955199098769
22450	23	5	22	0.27549550990967575
22500	24	6	20	0.2749954999094746
22550	20	5	25	0.2744954899092734
22600	16	8	26	0.27399547990907225
22650	22	3	25	0.2734954699088711
22700	22	5	23	0.2729954599086699
22750	21	11	18	0.27249544990846875
22800	25	11	14	0.2719954399082676
22850	25	8	17	0.2714954299080664
22900	19	2	29	0.27099541990786524
22950	20	7	23	0.2704954099076641
23000	22	8	20	0.2699953999074629
23050	26	4	20	0.26949538990726174
23100	21	7	22	0.26899537990706057
23150	21	8	21	0.2684953699068594
23200	19	12	19	0.26799535990665824
23250	24	8	18	0.26749534990645707
23300	17	4	29	0.2669953399062559
23350	20	5	25	0.26649532990605473
23400	27	4	19	0.26599531990585357
23450	18	5	27	0.2654953099056524
23500	19	7	24	0.26499529990545123
23550	24	4	22	0.26449528990525006
23600	19	6	25	0.2639952799050489
23650	20	3	27	0.26349526990484773
23700	23	5	22	0.26299525990464656
23750	23	7	20	0.2624952499044454
23800	22	7	21	0.2619952399042442
23850	18	9	23	0.26149522990404306
23900	21	9	20	0.2609952199038419
23950	23	5	22	0.2604952099036407
24000	18	6	26	0.25999519990343956
24050	20	9	21	0.2594951899032384
24100	28	8	14	0.2589951799030372
24150	24	3	23	0.25849516990283605
24200	27	5	18	0.2579951599026349
24250	21	8	21	0.2574951499024337
24300	22	5	23	0.25699513990223255
24350	24	7	19	0.2564951299020314
24400	25	9	16	0.2559951199018302
24450	27	7	16	0.25549510990162905
24500	24	6	20	0.2549950999014279
24550	26	4	20	0.2544950899012267
24600	26	3	21	0.25399507990102554
24650	22	6	22	0.2534950699008244
24700	23	4	23	0.2529950599006232
24750	25	11	14	0.25249504990042204
24800	27	3	20	0.2519950399002209
24850	23	6	21	0.2514950299000197
24900	25	7	18	0.25099501989981854
24950	16	7	27	0.25049500989961737
25000	23	8	19	0.24999499989941623
25050	30	3	17	0.24949498989921645
25100	26	2	22	0.24899497989901667
25150	29	2	19	0.2484949698988169
25200	25	5	20	0.2479949598986171
25250	22	6	22	0.24749494989841733
25300	21	9	20	0.24699493989821755
25350	20	9	21	0.24649492989801777
25400	16	6	28	0.245994919897818
25450	23	4	23	0.2454949098976182
25500	23	4	23	0.24499489989741843
25550	21	5	24	0.24449488989721865
25600	16	7	27	0.24399487989701887
25650	22	8	20	0.2434948698968191
25700	23	2	25	0.24299485989661931
25750	25	7	18	0.24249484989641953
25800	24	7	19	0.24199483989621975
25850	25	5	20	0.24149482989601997
25900	22	5	23	0.2409948198958202
25950	22	4	24	0.24049480989562041
26000	19	10	21	0.23999479989542064
26050	22	5	23	0.23949478989522086
26100	25	9	16	0.23899477989502108
26150	22	8	20	0.2384947698948213
26200	22	6	22	0.23799475989462152
26250	22	3	25	0.23749474989442174
26300	21	4	25	0.23699473989422196
26350	21	7	22	0.23649472989402218
26400	26	3	21	0.2359947198938224
26450	32	8	10	0.23549470989362262
26500	15	9	26	0.23499469989342284
26550	23	7	20	0.23449468989322306
26600	24	4	22	0.23399467989302328
26650	28	1	21	0.2334946698928235
26700	16	9	25	0.23299465989262372
26750	26	4	20	0.23249464989242394
26800	24	2	24	0.23199463989222416
26850	23	8	19	0.23149462989202438
26900	22	9	19	0.2309946198918246
26950	22	5	23	0.23049460989162482
27000	30	2	18	0.22999459989142504
27050	20	7	23	0.22949458989122526
27100	23	3	24	0.22899457989102548
27150	18	5	27	0.2284945698908257
27200	27	5	18	0.22799455989062592
27250	27	6	17	0.22749454989042614
27300	22	3	25	0.22699453989022636
27350	21	3	26	0.22649452989002658
27400	21	6	23	0.2259945198898268
27450	21	10	19	0.22549450988962702
27500	20	8	22	0.22499449988942724
27550	20	5	25	0.22449448988922746
27600	20	4	26	0.22399447988902768
27650	28	5	17	0.2234944698888279
27700	18	5	27	0.22299445988862812
27750	23	2	25	0.22249444988842834
27800	23	8	19	0.22199443988822856
27850	15	4	31	0.22149442988802878
27900	21	12	17	0.220994419887829
27950	24	6	20	0.22049440988762922
28000	20	6	24	0.21999439988742944
28050	20	6	24	0.21949438988722966
28100	22	3	25	0.21899437988702988
28150	25	7	18	0.2184943698868301
28200	18	9	23	0.21799435988663032
28250	27	6	17	0.21749434988643054
28300	20	7	23	0.21699433988623076
28350	22	5	23	0.21649432988603098
28400	24	9	17	0.2159943198858312
28450	25	7	18	0.21549430988563142
28500	22	9	19	0.21499429988543164
28550	26	5	19	0.21449428988523186
28600	27	5	18	0.21399427988503208
28650	26	4	20	0.2134942698848323
28700	23	8	19	0.21299425988463253
28750	15	7	28	0.21249424988443275
28800	18	7	25	0.21199423988423297
28850	18	7	25	0.21149422988403319
28900	29	2	19	0.2109942198838334
28950	24	7	19	0.21049420988363363
29000	16	8	26	0.20999419988343385
29050	24	4	22	0.20949418988323407
29100	19	6	25	0.2089941798830343
29150	20	2	28	0.2084941698828345
29200	29	3	18	0.20799415988263473
29250	27	3	20	0.20749414988243495
29300	20	5	25	0.20699413988223517
29350	25	6	19	0.2064941298820354
29400	23	3	24	0.2059941198818356
29450	26	6	18	0.20549410988163583
29500	20	9	21	0.20499409988143605
29550	19	3	28	0.20449408988123627
29600	26	4	20	0.2039940798810365
29650	24	4	22	0.2034940698808367
29700	21	3	26	0.20299405988063693
29750	22	7	21	0.20249404988043715
29800	19	2	29	0.20199403988023737
29850	27	3	20	0.2014940298800376
29900	27	7	16	0.2009940198798378
29950	17	12	21	0.20049400987963803
30000	22	7	21	0.19999399987943825
30050	20	6	24	0.19949398987923847
30100	27	4	19	0.1989939798790387
30150	19	4	27	0.1984939698788389
30200	23	6	21	0.19799395987863913
30250	23	3	24	0.19749394987843935
30300	19	4	27	0.19699393987823957
30350	17	6	27	0.1964939298780398
30400	22	1	27	0.19599391987784
30450	19	6	25	0.19549390987764023
30500	31	4	15	0.19499389987744045
30550	20	5	25	0.19449388987724067
30600	22	5	23	0.1939938798770409
30650	28	0	22	0.1934938698768411
30700	24	4	22	0.19299385987664133
30750	27	8	15	0.19249384987644155
30800	21	7	22	0.19199383987624177
30850	20	3	27	0.191493829876042
30900	21	4	25	0.1909938198758422
30950	22	3	25	0.19049380987564243
31000	31	4	15	0.18999379987544265
31050	23	3	24	0.18949378987524287
31100	23	6	21	0.1889937798750431
31150	22	4	24	0.18849376987484331
31200	25	5	20	0.18799375987464353
31250	23	5	22	0.18749374987444375
31300	25	3	22	0.18699373987424397
31350	20	8	22	0.1864937298740442
31400	29	4	17	0.18599371987384442
31450	22	3	25	0.18549370987364464
31500	23	2	25	0.18499369987344486
31550	22	8	20	0.18449368987324508
31600	26	7	17	0.1839936798730453
31650	28	4	18	0.18349366987284552
31700	26	4	20	0.18299365987264574
31750	27	6	17	0.18249364987244596
31800	21	5	24	0.18199363987224618
31850	27	7	16	0.1814936298720464
31900	26	8	16	0.18099361987184662
31950	23	7	20	0.18049360987164684
32000	20	7	23	0.17999359987144706
32050	20	4	26	0.17949358987124728
32100	21	5	24	0.1789935798710475
32150	21	4	25	0.17849356987084772
32200	26	4	20	0.17799355987064794
32250	25	2	23	0.17749354987044816
32300	28	2	20	0.17699353987024838
32350	30	3	17	0.1764935298700486
32400	25	4	21	0.17599351986984882
32450	20	4	26	0.17549350986964904
32500	28	4	18	0.17499349986944926
32550	21	5	24	0.17449348986924948
32600	20	5	25	0.1739934798690497
32650	20	6	24	0.17349346986884992
32700	24	4	22	0.17299345986865014
32750	30	2	18	0.17249344986845036
32800	20	5	25	0.17199343986825058
32850	22	5	23	0.1714934298680508
32900	19	7	24	0.17099341986785102
32950	25	4	21	0.17049340986765124
33000	26	5	19	0.16999339986745146
33050	29	1	20	0.16949338986725168
33100	25	5	20	0.1689933798670519
33150	29	2	19	0.16849336986685212
33200	21	3	26	0.16799335986665234
33250	28	5	17	0.16749334986645256
33300	25	2	23	0.16699333986625278
33350	26	6	18	0.166493329866053
33400	24	4	22	0.16599331986585322
33450	23	5	22	0.16549330986565344
33500	28	2	20	0.16499329986545366
33550	31	2	17	0.16449328986525388
33600	24	1	25	0.1639932798650541
33650	33	3	14	0.16349326986485432
33700	20	2	28	0.16299325986465454
33750	22	6	22	0.16249324986445476
33800	23	3	24	0.16199323986425498
33850	31	3	16	0.1614932298640552
33900	19	6	25	0.16099321986385542
33950	22	4	24	0.16049320986365564
34000	31	3	16	0.15999319986345586
34050	24	2	24	0.15949318986325609
34100	23	4	23	0.1589931798630563
34150	18	6	26	0.15849316986285653
34200	25	3	22	0.15799315986265675
34250	23	6	21	0.15749314986245697
34300	25	4	21	0.15699313986225719
34350	21	4	25	0.1564931298620574
34400	22	5	23	0.15599311986185763
34450	21	3	26	0.15549310986165785
34500	17	4	29	0.15499309986145807
34550	23	4	23	0.1544930898612583
34600	21	8	21	0.1539930798610585
34650	24	3	23	0.15349306986085873
34700	26	3	21	0.15299305986065895
34750	29	4	17	0.15249304986045917
34800	26	0	24	0.1519930398602594
34850	31	7	12	0.1514930298600596
34900	17	10	23	0.15099301985985983
34950	26	2	22	0.15049300985966005
35000	26	4	20	0.14999299985946027
35050	23	7	20	0.1494929898592605
35100	28	3	19	0.1489929798590607
35150	21	6	23	0.14849296985886093
35200	26	2	22	0.14799295985866115
35250	24	7	19	0.14749294985846137
35300	33	4	13	0.1469929398582616
35350	26	3	21	0.1464929298580618
35400	33	3	14	0.14599291985786203
35450	17	6	27	0.14549290985766225
35500	25	4	21	0.14499289985746247
35550	27	6	17	0.1444928898572627
35600	23	3	24	0.1439928798570629
35650	21	6	23	0.14349286985686313
35700	27	3	20	0.14299285985666335
35750	27	4	19	0.14249284985646357
35800	29	3	18	0.1419928398562638
35850	29	6	15	0.141492829856064
35900	29	1	20	0.14099281985586423
35950	29	4	17	0.14049280985566445
36000	20	7	23	0.13999279985546467
36050	23	6	21	0.1394927898552649
36100	24	6	20	0.1389927798550651
36150	23	3	24	0.13849276985486533
36200	18	7	25	0.13799275985466555
36250	23	2	25	0.13749274985446577
36300	29	1	20	0.136992739854266
36350	31	4	15	0.1364927298540662
36400	26	5	19	0.13599271985386643
36450	26	3	21	0.13549270985366665
36500	21	3	26	0.13499269985346687
36550	26	1	23	0.1344926898532671
36600	23	2	25	0.13399267985306731
36650	28	2	20	0.13349266985286753
36700	26	3	21	0.13299265985266776
36750	27	3	20	0.13249264985246798
36800	22	7	21	0.1319926398522682
36850	27	5	18	0.13149262985206842
36900	25	2	23	0.13099261985186864
36950	26	2	22	0.13049260985166886
37000	19	6	25	0.12999259985146908
37050	30	3	17	0.1294925898512693
37100	25	4	21	0.12899257985106952
37150	29	2	19	0.12849256985086974
37200	22	3	25	0.12799255985066996
37250	28	4	18	0.12749254985047018
37300	22	3	25	0.1269925398502704
37350	23	6	21	0.12649252985007062
37400	25	1	24	0.12599251984987084
37450	26	5	19	0.12549250984967106
37500	21	3	26	0.12499249984947128
37550	20	2	28	0.1244924898492715
37600	23	3	24	0.12399247984907172
37650	29	3	18	0.12349246984887194
37700	25	3	22	0.12299245984867216
37750	30	2	18	0.12249244984847238
37800	25	3	22	0.1219924398482726
37850	22	5	23	0.12149242984807282
37900	25	2	23	0.12099241984787304
37950	26	4	20	0.12049240984767326
38000	24	4	22	0.11999239984747348
38050	22	2	26	0.1194923898472737
38100	29	2	19	0.11899237984707392
38150	26	1	23	0.11849236984687414
38200	24	3	23	0.11799235984667436
38250	19	5	26	0.11749234984647458
38300	21	3	26	0.1169923398462748
38350	23	3	24	0.11649232984607502
38400	21	3	26	0.11599231984587524
38450	22	1	27	0.11549230984567546
38500	25	5	20	0.11499229984547568
38550	25	2	23	0.1144922898452759
38600	29	5	16	0.11399227984507612
38650	27	5	18	0.11349226984487634
38700	19	5	26	0.11299225984467656
38750	23	3	24	0.11249224984447678
38800	25	2	23	0.111992239844277
38850	26	2	22	0.11149222984407722
38900	27	1	22	0.11099221984387744
38950	29	0	21	0.11049220984367766
39000	20	1	29	0.10999219984347788
39050	26	3	21	0.1094921898432781
39100	27	5	18	0.10899217984307832
39150	18	6	26	0.10849216984287854
39200	31	1	18	0.10799215984267876
39250	26	1	23	0.10749214984247898
39300	27	3	20	0.1069921398422792
39350	22	3	25	0.10649212984207942
39400	24	4	22	0.10599211984187965
39450	23	4	23	0.10549210984167987
39500	31	3	16	0.10499209984148009
39550	29	1	20	0.1044920898412803
39600	24	2	24	0.10399207984108053
39650	24	2	24	0.10349206984088075
39700	20	4	26	0.10299205984068097
39750	23	2	25	0.10249204984048119
39800	22	4	24	0.1019920398402814
39850	29	1	20	0.10149202984008163
39900	26	1	23	0.10099201983988185
39950	17	2	31	0.10049200983968207
40000	20	4	26	0.09999199983948229
40050	23	4	23	0.09949198983928251
40100	27	3	20	0.09899197983908273
40150	31	3	16	0.09849196983888295
40200	29	2	19	0.09799195983868317
40250	23	2	25	0.09749194983848339
40300	27	3	20	0.09699193983828361
40350	20	6	24	0.09649192983808383
40400	22	5	23	0.09599191983788405
40450	18	3	29	0.09549190983768427
40500	25	1	24	0.09499189983748449
40550	25	2	23	0.09449188983728471
40600	32	3	15	0.09399187983708493
40650	25	3	22	0.09349186983688515
40700	27	6	17	0.09299185983668537
40750	24	2	24	0.09249184983648559
40800	25	5	20	0.09199183983628581
40850	21	6	23	0.09149182983608603
40900	25	3	22	0.09099181983588625
40950	27	3	20	0.09049180983568647
41000	21	5	24	0.08999179983548669
41050	32	2	16	0.08949178983528691
41100	23	3	24	0.08899177983508713
41150	21	3	26	0.08849176983488735
41200	25	1	24	0.08799175983468757
41250	28	3	19	0.08749174983448779
41300	30	1	19	0.08699173983428801
41350	25	1	24	0.08649172983408823
41400	28	2	20	0.08599171983388845
41450	32	3	15	0.08549170983368867
41500	25	3	22	0.08499169983348889
41550	27	1	22	0.08449168983328911
41600	28	1	21	0.08399167983308933
41650	27	3	20	0.08349166983288955
41700	27	1	22	0.08299165983268977
41750	25	5	20	0.08249164983249
41800	24	1	25	0.08199163983229021
41850	19	0	31	0.08149162983209043
41900	25	2	23	0.08099161983189065
41950	26	4	20	0.08049160983169087
42000	26	4	20	0.0799915998314911
42050	23	3	24	0.07949158983129131
42100	28	5	17	0.07899157983109154
42150	17	3	30	0.07849156983089176
42200	27	1	22	0.07799155983069198
42250	22	3	25	0.0774915498304922
42300	24	2	24	0.07699153983029242
42350	24	2	24	0.07649152983009264
42400	25	3	22	0.07599151982989286
42450	28	0	22	0.07549150982969308
42500	18	4	28	0.0749914998294933
42550	26	1	23	0.07449148982929352
42600	22	3	25	0.07399147982909374
42650	19	0	31	0.07349146982889396
42700	25	2	23	0.07299145982869418
42750	17	4	29	0.0724914498284944
42800	28	1	21	0.07199143982829462
42850	29	0	21	0.07149142982809484
42900	25	3	22	0.07099141982789506
42950	30	2	18	0.07049140982769528
43000	29	5	16	0.0699913998274955
43050	29	1	20	0.06949138982729572
43100	23	0	27	0.06899137982709594
43150	26	3	21	0.06849136982689616
43200	27	4	19	0.06799135982669638
43250	25	2	23	0.0674913498264966
43300	25	2	23	0.06699133982629682
43350	27	3	20	0.06649132982609704
43400	23	3	24	0.06599131982589726
43450	18	2	30	0.06549130982569748
43500	26	1	23	0.0649912998254977
43550	25	4	21	0.06449128982529792
43600	24	1	25	0.06399127982509814
43650	27	4	19	0.06349126982489836
43700	24	1	25	0.06299125982469858
43750	23	3	24	0.062491249824498794
43800	25	2	23	0.06199123982429867
43850	25	1	24	0.06149122982409854
43900	24	2	24	0.060991219823898414
43950	34	4	12	0.06049120982369829
44000	30	3	17	0.05999119982349816
44050	30	1	19	0.059491189823298034
44100	22	2	26	0.05899117982309791
44150	23	3	24	0.05849116982289778
44200	24	3	23	0.057991159822697654
44250	24	3	23	0.05749114982249753
44300	28	2	20	0.0569911398222974
44350	26	3	21	0.05649112982209727
44400	25	2	23	0.055991119821897146
44450	25	6	19	0.05549110982169702
44500	24	1	25	0.05499109982149689
44550	25	1	24	0.054491089821296766
44600	24	3	23	0.05399107982109664
44650	30	0	20	0.05349106982089651
44700	26	1	23	0.052991059820696386
44750	33	2	15	0.05249104982049626
44800	23	1	26	0.05199103982029613
44850	24	1	25	0.051491029820096006
44900	26	1	23	0.05099101981989588
44950	34	2	14	0.05049100981969575
45000	32	4	14	0.049990999819495625
45050	28	3	19	0.0494909898192955
45100	25	1	24	0.04899097981909537
45150	22	3	25	0.048490969818895245
45200	37	1	12	0.04799095981869512
45250	24	4	22	0.04749094981849499
45300	24	0	26	0.046990939818294865
45350	24	4	22	0.04649092981809474
45400	25	2	23	0.04599091981789461
45450	26	2	22	0.045490909817694485
45500	25	1	24	0.04499089981749436
45550	27	3	20	0.04449088981729423
45600	19	2	29	0.043990879817094104
45650	29	0	21	0.04349086981689398
45700	24	3	23	0.04299085981669385
45750	23	4	23	0.042490849816493724
45800	30	0	20	0.0419908398162936
45850	27	0	23	0.04149082981609347
45900	28	2	20	0.040990819815893344
45950	22	1	27	0.04049080981569322
46000	23	3	24	0.03999079981549309
46050	29	1	20	0.03949078981529296
46100	30	1	19	0.03899077981509284
46150	25	3	22	0.03849076981489271
46200	24	2	24	0.03799075981469258
46250	37	0	13	0.037490749814492456
46300	23	4	23	0.03699073981429233
46350	25	2	23	0.0364907298140922
46400	28	3	19	0.035990719813892076
46450	29	1	20	0.03549070981369195
46500	23	3	24	0.03499069981349182
46550	21	3	26	0.034490689813291696
46600	26	1	23	0.03399067981309157
46650	24	0	26	0.03349066981289144
46700	23	3	24	0.032990659812691316
46750	26	2	22	0.03249064981249119
46800	31	1	18	0.03199063981229106
46850	30	1	19	0.031490629812090935
46900	26	1	23	0.0309906198118909
46950	28	1	21	0.030490609811690945
47000	33	1	16	0.029990599811490992
47050	32	1	17	0.02949058981129104
47100	30	2	18	0.028990579811091086
47150	29	2	19	0.028490569810891132
47200	23	2	25	0.02799055981069118
47250	27	2	21	0.027490549810491226
47300	22	0	28	0.026990539810291272
47350	29	2	19	0.02649052981009132
47400	27	0	23	0.025990519809891366
47450	23	4	23	0.025490509809691413
47500	27	1	22	0.02499049980949146
47550	25	1	24	0.024490489809291506
47600	26	3	21	0.023990479809091553
47650	24	1	25	0.0234904698088916
47700	25	1	24	0.022990459808691646
47750	28	0	22	0.022490449808491693
47800	29	0	21	0.02199043980829174
47850	26	1	23	0.021490429808091786
47900	28	2	20	0.020990419807891833
47950	25	0	25	0.02049040980769188
48000	30	0	20	0.019990399807491926
48050	23	1	26	0.019490389807291973
48100	27	0	23	0.01899037980709202
48150	27	0	23	0.018490369806892067
48200	26	0	24	0.017990359806692113
48250	31	0	19	0.01749034980649216
48300	29	2	19	0.016990339806292207
48350	29	1	20	0.016490329806092253
48400	29	1	20	0.0159903198058923
48450	28	2	20	0.015490309805692323
48500	26	1	23	0.014990299805492283
48550	30	1	19	0.014490289805292243
48600	25	3	22	0.013990279805092203
48650	28	3	19	0.013490269804892163
48700	27	2	21	0.012990259804692122
48750	29	4	17	0.012490249804492082
48800	25	1	24	0.011990239804292042
48850	30	0	20	0.011490229804092002
48900	24	1	25	0.010990219803891962
48950	19	2	29	0.010490209803691922
49000	31	0	19	0.009990199803491882
49050	30	2	18	0.009490189803291842
49100	23	1	26	0.008990179803091802
49150	33	2	15	0.008490169802891762
49200	32	1	17	0.007990159802691722
49250	30	2	18	0.007490149802491711
49300	28	2	20	0.006990139802291714
49350	27	2	21	0.0064901298020917176
49400	22	0	28	0.005990119801891721
49450	27	1	22	0.005490109801691724
49500	27	0	23	0.004990099801491728
49550	27	0	23	0.004490089801291731
49600	26	1	23	0.003990079801091734
49650	28	1	21	0.0034900698008917376
49700	30	2	18	0.002990059800691741
49750	24	2	24	0.0024900498004917443
49800	31	0	19	0.0019900398002917477
49850	28	1	21	0.0014900298000917408
49900	25	0	25	0.0009900197998917333
49950	30	1	19	0.0004900097996917311
50000	27	4	19	-1.0000200508273119e-05
50050	23	0	27	-1.0000200508273119e-05
50100	32	3	15	-1.0000200508273119e-05
50150	34	1	15	-1.0000200508273119e-05
50200	23	1	26	-1.0000200508273119e-05
50250	27	2	21	-1.0000200508273119e-05
50300	28	2	20	-1.0000200508273119e-05
50350	23	0	27	-1.0000200508273119e-05
50400	32	1	17	-1.0000200508273119e-05
50450	26	0	24	-1.0000200508273119e-05
50500	28	2	20	-1.0000200508273119e-05
50550	30	0	20	-1.0000200508273119e-05
50600	26	0	24	-1.0000200508273119e-05
50650	25	0	25	-1.0000200508273119e-05
50700	27	0	23	-1.0000200508273119e-05
50750	30	2	18	-1.0000200508273119e-05
50800	24	0	26	-1.0000200508273119e-05
50850	30	1	19	-1.0000200508273119e-05
50900	22	2	26	-1.0000200508273119e-05
50950	33	0	17	-1.0000200508273119e-05
51000	23	0	27	-1.0000200508273119e-05
51050	31	0	19	-1.0000200508273119e-05
51100	29	2	19	-1.0000200508273119e-05
51150	24	3	23	-1.0000200508273119e-05
51200	31	1	18	-1.0000200508273119e-05
51250	25	1	24	-1.0000200508273119e-05
51300	24	1	25	-1.0000200508273119e-05
51350	26	1	23	-1.0000200508273119e-05
51400	29	0	21	-1.0000200508273119e-05
51450	27	1	22	-1.0000200508273119e-05
51500	29	1	20	-1.0000200508273119e-05
51550	24	2	24	-1.0000200508273119e-05
51600	30	1	19	-1.0000200508273119e-05
51650	25	1	24	-1.0000200508273119e-05
51700	26	1	23	-1.0000200508273119e-05
51750	27	1	22	-1.0000200508273119e-05
51800	30	3	17	-1.0000200508273119e-05
51850	33	2	15	-1.0000200508273119e-05
51900	29	1	20	-1.0000200508273119e-05
51950	23	2	25	-1.0000200508273119e-05
52000	30	0	20	-1.0000200508273119e-05
52050	28	0	22	-1.0000200508273119e-05
52100	33	0	17	-1.0000200508273119e-05
52150	28	0	22	-1.0000200508273119e-05
52200	27	1	22	-1.0000200508273119e-05
52250	28	2	20	-1.0000200508273119e-05
52300	29	0	21	-1.0000200508273119e-05
52350	31	0	19	-1.0000200508273119e-05
52400	29	0	21	-1.0000200508273119e-05
52450	32	0	18	-1.0000200508273119e-05
52500	23	3	24	-1.0000200508273119e-05
52550	26	0	24	-1.0000200508273119e-05
52600	26	1	23	-1.0000200508273119e-05
52650	26	1	23	-1.0000200508273119e-05
52700	29	2	19	-1.0000200508273119e-05
52750	29	0	21	-1.0000200508273119e-05
52800	34	0	16	-1.0000200508273119e-05
52850	26	1	23	-1.0000200508273119e-05
52900	26	3	21	-1.0000200508273119e-05
52950	30	0	20	-1.0000200508273119e-05
53000	28	2	20	-1.0000200508273119e-05
53050	24	1	25	-1.0000200508273119e-05
53100	29	2	19	-1.0000200508273119e-05
53150	30	0	20	-1.0000200508273119e-05
53200	24	1	25	-1.0000200508273119e-05
53250	30	0	20	-1.0000200508273119e-05
53300	29	2	19	-1.0000200508273119e-05
53350	29	2	19	-1.0000200508273119e-05
53400	34	1	15	-1.0000200508273119e-05
53450	25	1	24	-1.0000200508273119e-05
53500	26	0	24	-1.0000200508273119e-05
53550	19	2	29	-1.0000200508273119e-05
53600	28	0	22	-1.0000200508273119e-05
53650	30	0	20	-1.0000200508273119e-05
53700	30	1	19	-1.0000200508273119e-05
53750	24	1	25	-1.0000200508273119e-05
53800	25	0	25	-1.0000200508273119e-05
53850	25	1	24	-1.0000200508273119e-05
53900	29	1	20	-1.0000200508273119e-05
53950	22	2	26	-1.0000200508273119e-05
54000	32	0	18	-1.0000200508273119e-05
54050	30	2	18	-1.0000200508273119e-05
54100	31	2	17	-1.0000200508273119e-05
54150	25	1	24	-1.0000200508273119e-05
54200	27	0	23	-1.0000200508273119e-05
54250	26	0	24	-1.0000200508273119e-05
54300	28	0	22	-1.0000200508273119e-05
54350	27	2	21	-1.0000200508273119e-05
54400	28	0	22	-1.0000200508273119e-05
54450	33	1	16	-1.0000200508273119e-05
54500	23	1	26	-1.0000200508273119e-05
54550	24	4	22	-1.0000200508273119e-05
54600	33	0	17	-1.0000200508273119e-05
54650	25	0	25	-1.0000200508273119e-05
54700	31	1	18	-1.0000200508273119e-05
54750	27	0	23	-1.0000200508273119e-05
54800	26	1	23	-1.0000200508273119e-05
54850	23	1	26	-1.0000200508273119e-05
54900	25	0	25	-1.0000200508273119e-05
54950	26	0	24	-1.0000200508273119e-05
55000	29	0	21	-1.0000200508273119e-05
55050	24	1	25	-1.0000200508273119e-05
55100	24	4	22	-1.0000200508273119e-05
55150	37	1	12	-1.0000200508273119e-05
55200	33	1	16	-1.0000200508273119e-05
55250	24	1	25	-1.0000200508273119e-05
55300	29	0	21	-1.0000200508273119e-05
55350	24	0	26	-1.0000200508273119e-05
55400	23	1	26	-1.0000200508273119e-05
55450	27	1	22	-1.0000200508273119e-05
55500	27	1	22	-1.0000200508273119e-05
55550	25	1	24	-1.0000200508273119e-05
55600	27	0	23	-1.0000200508273119e-05
55650	28	1	21	-1.0000200508273119e-05
55700	25	0	25	-1.0000200508273119e-05
55750	21	1	28	-1.0000200508273119e-05
55800	24	2	24	-1.0000200508273119e-05
55850	24	0	26	-1.0000200508273119e-05
55900	31	2	17	-1.0000200508273119e-05
55950	22	1	27	-1.0000200508273119e-05
56000	31	0	19	-1.0000200508273119e-05
56050	24	0	26	-1.0000200508273119e-05
56100	31	2	17	-1.0000200508273119e-05
56150	31	0	19	-1.0000200508273119e-05
56200	31	0	19	-1.0000200508273119e-05
56250	28	0	22	-1.0000200508273119e-05
56300	29	1	20	-1.0000200508273119e-05
56350	33	1	16	-1.0000200508273119e-05
56400	26	1	23	-1.0000200508273119e-05
56450	27	0	23	-1.0000200508273119e-05
56500	28	0	22	-1.0000200508273119e-05
56550	27	0	23	-1.0000200508273119e-05
56600	23	1	26	-1.0000200508273119e-05
56650	23	0	27	-1.0000200508273119e-05
56700	25	1	24	-1.0000200508273119e-05
56750	26	1	23	-1.0000200508273119e-05
56800	32	1	17	-1.0000200508273119e-05
56850	25	3	22	-1.0000200508273119e-05
56900	27	1	22	-1.0000200508273119e-05
56950	28	0	22	-1.0000200508273119e-05
57000	33	0	17	-1.0000200508273119e-05
57050	25	0	25	-1.0000200508273119e-05
57100	32	0	18	-1.0000200508273119e-05
57150	22	1	27	-1.0000200508273119e-05
57200	21	2	27	-1.0000200508273119e-05
57250	24	2	24	-1.0000200508273119e-05
57300	31	1	18	-1.0000200508273119e-05
57350	21	1	28	-1.0000200508273119e-05
57400	29	4	17	-1.0000200508273119e-05
57450	27	1	22	-1.0000200508273119e-05
57500	29	1	20	-1.0000200508273119e-05
57550	30	1	19	-1.0000200508273119e-05
57600	25	4	21	-1.0000200508273119e-05
57650	26	1	23	-1.0000200508273119e-05
57700	27	0	23	-1.0000200508273119e-05
57750	27	3	20	-1.0000200508273119e-05
57800	25	2	23	-1.0000200508273119e-05
57850	29	1	20	-1.0000200508273119e-05
57900	30	0	20	-1.0000200508273119e-05
57950	22	2	26	-1.0000200508273119e-05
58000	29	0	21	-1.0000200508273119e-05
58050	27	1	22	-1.0000200508273119e-05
58100	22	0	28	-1.0000200508273119e-05
58150	25	1	24	-1.0000200508273119e-05
58200	30	1	19	-1.0000200508273119e-05
58250	29	0	21	-1.0000200508273119e-05
58300	27	1	22	-1.0000200508273119e-05
58350	26	2	22	-1.0000200508273119e-05
58400	28	3	19	-1.0000200508273119e-05
58450	19	5	26	-1.0000200508273119e-05
58500	27	0	23	-1.0000200508273119e-05
58550	26	1	23	-1.0000200508273119e-05
58600	26	1	23	-1.0000200508273119e-05
58650	28	2	20	-1.0000200508273119e-05
58700	31	0	19	-1.0000200508273119e-05
58750	23	0	27	-1.0000200508273119e-05
58800	32	0	18	-1.0000200508273119e-05
58850	27	1	22	-1.0000200508273119e-05
58900	25	3	22	-1.0000200508273119e-05
58950	28	0	22	-1.0000200508273119e-05
59000	29	0	21	-1.0000200508273119e-05
59050	22	2	26	-1.0000200508273119e-05
59100	24	2	24	-1.0000200508273119e-05
59150	21	1	28	-1.0000200508273119e-05
59200	24	1	25	-1.0000200508273119e-05
59250	29	1	20	-1.0000200508273119e-05
59300	24	2	24	-1.0000200508273119e-05
59350	30	0	20	-1.0000200508273119e-05
59400	22	2	26	-1.0000200508273119e-05
59450	31	0	19	-1.0000200508273119e-05
59500	26	0	24	-1.0000200508273119e-05
59550	31	2	17	-1.0000200508273119e-05
59600	24	0	26	-1.0000200508273119e-05
59650	32	2	16	-1.0000200508273119e-05
59700	29	0	21	-1.0000200508273119e-05
59750	31	0	19	-1.0000200508273119e-05
59800	21	1	28	-1.0000200508273119e-05
59850	24	2	24	-1.0000200508273119e-05
59900	27	2	21	-1.0000200508273119e-05
59950	28	0	22	-1.0000200508273119e-05
60000	27	0	23	-1.0000200508273119e-05
60050	21	0	29	-1.0000200508273119e-05
60100	29	0	21	-1.0000200508273119e-05
60150	28	2	20	-1.0000200508273119e-05
60200	28	1	21	-1.0000200508273119e-05
60250	28	0	22	-1.0000200508273119e-05
60300	33	0	17	-1.0000200508273119e-05
60350	23	2	25	-1.0000200508273119e-05
60400	24	0	26	-1.0000200508273119e-05
60450	24	1	25	-1.0000200508273119e-05
60500	33	0	17	-1.0000200508273119e-05
60550	26	1	23	-1.0000200508273119e-05
60600	27	1	22	-1.0000200508273119e-05
60650	29	1	20	-1.0000200508273119e-05
60700	22	0	28	-1.0000200508273119e-05
60750	24	0	26	-1.0000200508273119e-05
60800	26	0	24	-1.0000200508273119e-05
60850	25	0	25	-1.0000200508273119e-05
60900	25	3	22	-1.0000200508273119e-05
60950	31	1	18	-1.0000200508273119e-05
61000	28	2	20	-1.0000200508273119e-05
61050	34	0	16	-1.0000200508273119e-05
61100	32	0	18	-1.0000200508273119e-05
61150	28	0	22	-1.0000200508273119e-05
61200	28	0	22	-1.0000200508273119e-05
61250	27	1	22	-1.0000200508273119e-05
61300	33	0	17	-1.0000200508273119e-05
61350	18	2	30	-1.0000200508273119e-05
61400	25	1	24	-1.0000200508273119e-05
61450	26	2	22	-1.0000200508273119e-05
61500	27	3	20	-1.0000200508273119e-05
61550	26	0	24	-1.0000200508273119e-05
61600	30	1	19	-1.0000200508273119e-05
61650	26	0	24	-1.0000200508273119e-05
61700	31	1	18	-1.0000200508273119e-05
61750	23	1	26	-1.0000200508273119e-05
61800	28	3	19	-1.0000200508273119e-05
61850	22	3	25	-1.0000200508273119e-05
61900	30	1	19	-1.0000200508273119e-05
61950	21	1	28	-1.0000200508273119e-05
62000	24	0	26	-1.0000200508273119e-05
62050	24	1	25	-1.0000200508273119e-05
62100	24	3	23	-1.0000200508273119e-05
62150	20	3	27	-1.0000200508273119e-05
62200	28	3	19	-1.0000200508273119e-05
62250	25	3	22	-1.0000200508273119e-05
62300	29	2	19	-1.0000200508273119e-05
62350	19	3	28	-1.0000200508273119e-05
62400	30	2	18	-1.0000200508273119e-05
62450	25	1	24	-1.0000200508273119e-05
62500	29	1	20	-1.0000200508273119e-05
62550	26	1	23	-1.0000200508273119e-05
62600	27	0	23	-1.0000200508273119e-05
62650	32	2	16	-1.0000200508273119e-05
62700	23	0	27	-1.0000200508273119e-05
62750	27	5	18	-1.0000200508273119e-05
62800	27	1	22	-1.0000200508273119e-05
62850	38	1	11	-1.0000200508273119e-05
62900	24	1	25	-1.0000200508273119e-05
62950	36	0	14	-1.0000200508273119e-05
63000	24	0	26	-1.0000200508273119e-05
63050	34	0	16	-1.0000200508273119e-05
63100	28	2	20	-1.0000200508273119e-05
63150	31	0	19	-1.0000200508273119e-05
63200	26	1	23	-1.0000200508273119e-05
63250	32	1	17	-1.0000200508273119e-05
63300	23	0	27	-1.0000200508273119e-05
63350	20	1	29	-1.0000200508273119e-05
63400	28	1	21	-1.0000200508273119e-05
63450	26	0	24	-1.0000200508273119e-05
63500	23	1	26	-1.0000200508273119e-05
63550	23	2	25	-1.0000200508273119e-05
63600	30	1	19	-1.0000200508273119e-05
63650	29	0	21	-1.0000200508273119e-05
63700	22	0	28	-1.0000200508273119e-05
63750	27	0	23	-1.0000200508273119e-05
63800	27	1	22	-1.0000200508273119e-05
63850	33	0	17	-1.0000200508273119e-05
63900	29	0	21	-1.0000200508273119e-05
63950	34	1	15	-1.0000200508273119e-05
64000	21	2	27	-1.0000200508273119e-05
64050	27	1	22	-1.0000200508273119e-05
64100	33	0	17	-1.0000200508273119e-05
64150	28	3	19	-1.0000200508273119e-05
64200	26	1	23	-1.0000200508273119e-05
64250	31	1	18	-1.0000200508273119e-05
64300	21	2	27	-1.0000200508273119e-05
64350	27	0	23	-1.0000200508273119e-05
64400	28	0	22	-1.0000200508273119e-05
64450	33	2	15	-1.0000200508273119e-05
64500	25	3	22	-1.0000200508273119e-05
64550	24	0	26	-1.0000200508273119e-05
64600	25	1	24	-1.0000200508273119e-05
64650	26	3	21	-1.0000200508273119e-05
64700	30	0	20	-1.0000200508273119e-05
64750	35	2	13	-1.0000200508273119e-05
64800	31	1	18	-1.0000200508273119e-05
64850	30	0	20	-1.0000200508273119e-05
64900	27	1	22	-1.0000200508273119e-05
64950	24	1	25	-1.0000200508273119e-05
65000	30	0	20	-1.0000200508273119e-05
65050	23	1	26	-1.0000200508273119e-05
65100	33	1	16	-1.0000200508273119e-05
65150	21	2	27	-1.0000200508273119e-05
65200	23	1	26	-1.0000200508273119e-05
65250	34	0	16	-1.0000200508273119e-05
65300	28	0	22	-1.0000200508273119e-05
65350	28	1	21	-1.0000200508273119e-05
65400	25	1	24	-1.0000200508273119e-05
65450	26	1	23	-1.0000200508273119e-05
65500	27	0	23	-1.0000200508273119e-05
65550	27	1	22	-1.0000200508273119e-05
65600	26	0	24	-1.0000200508273119e-05
65650	26	2	22	-1.0000200508273119e-05
65700	24	2	24	-1.0000200508273119e-05
65750	23	3	24	-1.0000200508273119e-05
65800	25	0	25	-1.0000200508273119e-05
65850	28	2	20	-1.0000200508273119e-05
65900	27	1	22	-1.0000200508273119e-05
65950	26	3	21	-1.0000200508273119e-05
66000	28	0	22	-1.0000200508273119e-05
66050	25	1	24	-1.0000200508273119e-05
66100	30	3	17	-1.0000200508273119e-05
66150	26	0	24	-1.0000200508273119e-05
66200	23	0	27	-1.0000200508273119e-05
66250	26	1	23	-1.0000200508273119e-05
66300	27	1	22	-1.0000200508273119e-05
66350	32	1	17	-1.0000200508273119e-05
66400	29	2	19	-1.0000200508273119e-05
66450	25	0	25	-1.0000200508273119e-05
66500	19	3	28	-1.0000200508273119e-05
66550	26	4	20	-1.0000200508273119e-05
66600	32	3	15	-1.0000200508273119e-05
66650	23	0	27	-1.0000200508273119e-05
66700	32	0	18	-1.0000200508273119e-05
66750	29	1	20	-1.0000200508273119e-05
66800	33	0	17	-1.0000200508273119e-05
66850	23	0	27	-1.0000200508273119e-05
66900	23	1	26	-1.0000200508273119e-05
66950	26	1	23	-1.0000200508273119e-05
67000	27	0	23	-1.0000200508273119e-05
67050	25	1	24	-1.0000200508273119e-05
67100	32	1	17	-1.0000200508273119e-05
67150	21	0	29	-1.0000200508273119e-05
67200	23	2	25	-1.0000200508273119e-05
67250	34	0	16	-1.0000200508273119e-05
67300	27	1	22	-1.0000200508273119e-05
67350	22	1	27	-1.0000200508273119e-05
67400	26	2	22	-1.0000200508273119e-05
67450	28	1	21	-1.0000200508273119e-05
67500	29	1	20	-1.0000200508273119e-05
67550	29	1	20	-1.0000200508273119e-05
67600	28	1	21	-1.0000200508273119e-05
67650	27	3	20	-1.0000200508273119e-05
67700	29	3	18	-1.0000200508273119e-05
67750	30	1	19	-1.0000200508273119e-05
67800	32	1	17	-1.0000200508273119e-05
67850	25	2	23	-1.0000200508273119e-05
67900	26	1	23	-1.0000200508273119e-05
67950	27	1	22	-1.0000200508273119e-05
68000	28	1	21	-1.0000200508273119e-05
68050	25	2	23	-1.0000200508273119e-05
68100	33	0	17	-1.0000200508273119e-05
68150	28	2	20	-1.0000200508273119e-05
68200	29	0	21	-1.0000200508273119e-05
68250	32	1	17	-1.0000200508273119e-05
68300	28	1	21	-1.0000200508273119e-05
68350	30	0	20	-1.0000200508273119e-05
68400	28	0	22	-1.0000200508273119e-05
68450	27	0	23	-1.0000200508273119e-05
68500	29	1	20	-1.0000200508273119e-05
68550	30	0	20	-1.0000200508273119e-05
68600	25	1	24	-1.0000200508273119e-05
68650	30	0	20	-1.0000200508273119e-05
68700	30	0	20	-1.0000200508273119e-05
68750	32	1	17	-1.0000200508273119e-05
68800	26	1	23	-1.0000200508273119e-05
68850	25	2	23	-1.0000200508273119e-05
68900	26	0	24	-1.0000200508273119e-05
68950	33	1	16	-1.0000200508273119e-05
69000	27	2	21	-1.0000200508273119e-05
69050	25	3	22	-1.0000200508273119e-05
69100	22	2	26	-1.0000200508273119e-05
69150	29	0	21	-1.0000200508273119e-05
69200	28	0	22	-1.0000200508273119e-05
69250	29	1	20	-1.0000200508273119e-05
69300	27	1	22	-1.0000200508273119e-05
69350	34	1	15	-1.0000200508273119e-05
69400	24	0	26	-1.0000200508273119e-05
69450	31	1	18	-1.0000200508273119e-05
69500	26	1	23	-1.0000200508273119e-05
69550	27	0	23	-1.0000200508273119e-05
69600	31	0	19	-1.0000200508273119e-05
69650	27	1	22	-1.0000200508273119e-05
69700	24	1	25	-1.0000200508273119e-05
69750	31	0	19	-1.0000200508273119e-05
69800	26	3	21	-1.0000200508273119e-05
69850	32	1	17	-1.0000200508273119e-05
69900	27	0	23	-1.0000200508273119e-05
69950	28	1	21	-1.0000200508273119e-05
70000	26	1	23	-1.0000200508273119e-05
70050	27	1	22	-1.0000200508273119e-05
70100	27	3	20	-1.0000200508273119e-05
70150	24	0	26	-1.0000200508273119e-05
70200	22	1	27	-1.0000200508273119e-05
70250	26	2	22	-1.0000200508273119e-05
70300	24	1	25	-1.0000200508273119e-05
70350	27	0	23	-1.0000200508273119e-05
70400	24	2	24	-1.0000200508273119e-05
70450	24	1	25	-1.0000200508273119e-05
70500	31	0	19	-1.0000200508273119e-05
70550	26	0	24	-1.0000200508273119e-05
70600	28	0	22	-1.0000200508273119e-05
70650	27	0	23	-1.0000200508273119e-05
70700	28	2	20	-1.0000200508273119e-05
70750	30	1	19	-1.0000200508273119e-05
70800	27	0	23	-1.0000200508273119e-05
70850	28	1	21	-1.0000200508273119e-05
70900	28	1	21	-1.0000200508273119e-05
70950	25	0	25	-1.0000200508273119e-05
71000	29	1	20	-1.0000200508273119e-05
71050	29	1	20	-1.0000200508273119e-05
71100	25	0	25	-1.0000200508273119e-05
71150	30	2	18	-1.0000200508273119e-05
71200	28	1	21	-1.0000200508273119e-05
71250	30	4	16	-1.0000200508273119e-05
71300	27	1	22	-1.0000200508273119e-05
71350	26	2	22	-1.0000200508273119e-05
71400	25	0	25	-1.0000200508273119e-05
71450	28	0	22	-1.0000200508273119e-05
71500	27	0	23	-1.0000200508273119e-05
71550	30	3	17	-1.0000200508273119e-05
71600	28	3	19	-1.0000200508273119e-05
71650	27	0	23	-1.0000200508273119e-05
71700	26	0	24	-1.0000200508273119e-05
71750	30	3	17	-1.0000200508273119e-05
71800	25	1	24	-1.0000200508273119e-05
71850	28	1	21	-1.0000200508273119e-05
71900	26	1	23	-1.0000200508273119e-05
71950	29	1	20	-1.0000200508273119e-05
72000	28	2	20	-1.0000200508273119e-05
72050	34	2	14	-1.0000200508273119e-05
72100	35	1	14	-1.0000200508273119e-05
72150	26	3	21	-1.0000200508273119e-05
72200	23	0	27	-1.0000200508273119e-05
72250	28	2	20	-1.0000200508273119e-05
72300	20	1	29	-1.0000200508273119e-05
72350	25	0	25	-1.0000200508273119e-05
72400	22	0	28	-1.0000200508273119e-05
72450	23	1	26	-1.0000200508273119e-05
72500	28	1	21	-1.0000200508273119e-05
72550	31	0	19	-1.0000200508273119e-05
72600	23	1	26	-1.0000200508273119e-05
72650	30	0	20	-1.0000200508273119e-05
72700	28	2	20	-1.0000200508273119e-05
72750	20	2	28	-1.0000200508273119e-05
72800	25	3	22	-1.0000200508273119e-05
72850	26	1	23	-1.0000200508273119e-05
72900	28	1	21	-1.0000200508273119e-05
72950	25	3	22	-1.0000200508273119e-05
73000	30	0	20	-1.0000200508273119e-05
73050	26	2	22	-1.0000200508273119e-05
73100	25	1	24	-1.0000200508273119e-05
73150	31	0	19	-1.0000200508273119e-05
73200	25	1	24	-1.0000200508273119e-05
73250	32	2	16	-1.0000200508273119e-05
73300	32	0	18	-1.0000200508273119e-05
73350	27	2	21	-1.0000200508273119e-05
73400	28	0	22	-1.0000200508273119e-05
73450	28	3	19	-1.0000200508273119e-05
73500	24	0	26	-1.0000200508273119e-05
73550	25	0	25	-1.0000200508273119e-05
73600	31	1	18	-1.0000200508273119e-05
73650	20	1	29	-1.0000200508273119e-05
73700	26	4	20	-1.0000200508273119e-05
73750	29	1	20	-1.0000200508273119e-05
73800	30	0	20	-1.0000200508273119e-05
73850	28	2	20	-1.0000200508273119e-05
73900	28	1	21	-1.0000200508273119e-05
73950	25	1	24	-1.0000200508273119e-05
74000	29	0	21	-1.0000200508273119e-05
74050	33	0	17	-1.0000200508273119e-05
74100	29	2	19	-1.0000200508273119e-05
74150	31	2	17	-1.0000200508273119e-05
74200	26	1	23	-1.0000200508273119e-05
74250	30	1	19	-1.0000200508273119e-05
74300	24	1	25	-1.0000200508273119e-05
74350	26	1	23	-1.0000200508273119e-05
74400	21	1	28	-1.0000200508273119e-05
74450	31	0	19	-1.0000200508273119e-05
74500	23	2	25	-1.0000200508273119e-05
74550	28	1	21	-1.0000200508273119e-05
74600	26	1	23	-1.0000200508273119e-05
74650	20	3	27	-1.0000200508273119e-05
74700	25	2	23	-1.0000200508273119e-05
74750	29	0	21	-1.0000200508273119e-05
74800	29	1	20	-1.0000200508273119e-05
74850	22	3	25	-1.0000200508273119e-05
74900	24	0	26	-1.0000200508273119e-05
74950	26	0	24	-1.0000200508273119e-05
75000	23	1	26	-1.0000200508273119e-05
75050	27	1	22	-1.0000200508273119e-05
75100	30	1	19	-1.0000200508273119e-05
75150	26	3	21	-1.0000200508273119e-05
75200	19	0	31	-1.0000200508273119e-05
75250	23	1	26	-1.0000200508273119e-05
75300	26	0	24	-1.0000200508273119e-05
75350	28	1	21	-1.0000200508273119e-05
75400	31	0	19	-1.0000200508273119e-05
75450	28	0	22	-1.0000200508273119e-05
75500	23	5	22	-1.0000200508273119e-05
75550	27	0	23	-1.0000200508273119e-05
75600	29	1	20	-1.0000200508273119e-05
75650	24	0	26	-1.0000200508273119e-05
75700	27	0	23	-1.0000200508273119e-05
75750	29	1	20	-1.0000200508273119e-05
75800	27	2	21	-1.0000200508273119e-05
75850	22	0	28	-1.0000200508273119e-05
75900	25	0	25	-1.0000200508273119e-05
75950	26	0	24	-1.0000200508273119e-05
76000	22	1	27	-1.0000200508273119e-05
76050	26	2	22	-1.0000200508273119e-05
76100	26	0	24	-1.0000200508273119e-05
76150	24	1	25	-1.0000200508273119e-05
76200	31	2	17	-1.0000200508273119e-05
76250	31	0	19	-1.0000200508273119e-05
76300	22	1	27	-1.0000200508273119e-05
76350	30	2	18	-1.0000200508273119e-05
76400	23	1	26	-1.0000200508273119e-05
76450	26	0	24	-1.0000200508273119e-05
76500	27	3	20	-1.0000200508273119e-05
76550	31	0	19	-1.0000200508273119e-05
76600	37	0	13	-1.0000200508273119e-05
76650	21	1	28	-1.0000200508273119e-05
76700	31	1	18	-1.0000200508273119e-05
76750	33	0	17	-1.0000200508273119e-05
76800	31	0	19	-1.0000200508273119e-05
76850	29	3	18	-1.0000200508273119e-05
76900	30	2	18	-1.0000200508273119e-05
76950	33	0	17	-1.0000200508273119e-05
77000	28	1	21	-1.0000200508273119e-05
77050	27	0	23	-1.0000200508273119e-05
77100	29	1	20	-1.0000200508273119e-05
77150	26	0	24	-1.0000200508273119e-05
77200	29	1	20	-1.0000200508273119e-05
77250	23	0	27	-1.0000200508273119e-05
77300	25	2	23	-1.0000200508273119e-05
77350	27	0	23	-1.0000200508273119e-05
77400	25	1	24	-1.0000200508273119e-05
77450	24	3	23	-1.0000200508273119e-05
77500	26	1	23	-1.0000200508273119e-05
77550	23	0	27	-1.0000200508273119e-05
77600	23	0	27	-1.0000200508273119e-05
77650	23	0	27	-1.0000200508273119e-05
77700	24	1	25	-1.0000200508273119e-05
77750	28	0	22	-1.0000200508273119e-05
77800	26	2	22	-1.0000200508273119e-05
77850	26	0	24	-1.0000200508273119e-05
77900	35	0	15	-1.0000200508273119e-05
77950	29	2	19	-1.0000200508273119e-05
78000	31	2	17	-1.0000200508273119e-05
78050	22	1	27	-1.0000200508273119e-05
78100	30	2	18	-1.0000200508273119e-05
78150	32	1	17	-1.0000200508273119e-05
78200	27	0	23	-1.0000200508273119e-05
78250	34	1	15	-1.0000200508273119e-05
78300	29	1	20	-1.0000200508273119e-05
78350	30	1	19	-1.0000200508273119e-05
78400	26	3	21	-1.0000200508273119e-05
78450	24	1	25	-1.0000200508273119e-05
78500	32	1	17	-1.0000200508273119e-05
78550	29	5	16	-1.0000200508273119e-05
78600	31	0	19	-1.0000200508273119e-05
78650	26	0	24	-1.0000200508273119e-05
78700	27	0	23	-1.0000200508273119e-05
78750	25	1	24	-1.0000200508273119e-05
78800	29	2	19	-1.0000200508273119e-05
78850	28	1	21	-1.0000200508273119e-05
78900	28	0	22	-1.0000200508273119e-05
78950	28	1	21	-1.0000200508273119e-05
79000	24	2	24	-1.0000200508273119e-05
79050	24	0	26	-1.0000200508273119e-05
79100	25	0	25	-1.0000200508273119e-05
79150	31	0	19	-1.0000200508273119e-05
79200	25	1	24	-1.0000200508273119e-05
79250	29	0	21	-1.0000200508273119e-05
79300	23	1	26	-1.0000200508273119e-05
79350	27	0	23	-1.0000200508273119e-05
79400	33	0	17	-1.0000200508273119e-05
79450	27	1	22	-1.0000200508273119e-05
79500	24	1	25	-1.0000200508273119e-05
79550	27	1	22	-1.0000200508273119e-05
79600	28	1	21	-1.0000200508273119e-05
79650	27	0	23	-1.0000200508273119e-05
79700	25	0	25	-1.0000200508273119e-05
79750	28	2	20	-1.0000200508273119e-05
79800	25	2	23	-1.0000200508273119e-05
79850	28	0	22	-1.0000200508273119e-05
79900	22	0	28	-1.0000200508273119e-05
79950	27	3	20	-1.0000200508273119e-05
80000	22	0	28	-1.0000200508273119e-05
80050	29	0	21	-1.0000200508273119e-05
80100	30	1	19	-1.0000200508273119e-05
80150	28	2	20	-1.0000200508273119e-05
80200	27	2	21	-1.0000200508273119e-05
80250	21	4	25	-1.0000200508273119e-05
80300	30	2	18	-1.0000200508273119e-05
80350	29	1	20	-1.0000200508273119e-05
80400	30	2	18	-1.0000200508273119e-05
80450	26	1	23	-1.0000200508273119e-05
80500	28	2	20	-1.0000200508273119e-05
80550	27	0	23	-1.0000200508273119e-05
80600	28	0	22	-1.0000200508273119e-05
80650	22	1	27	-1.0000200508273119e-05
80700	17	3	30	-1.0000200508273119e-05
80750	26	0	24	-1.0000200508273119e-05
80800	30	2	18	-1.0000200508273119e-05
80850	25	1	24	-1.0000200508273119e-05
80900	23	1	26	-1.0000200508273119e-05
80950	25	1	24	-1.0000200508273119e-05
81000	19	1	30	-1.0000200508273119e-05
81050	27	0	23	-1.0000200508273119e-05
81100	23	2	25	-1.0000200508273119e-05
81150	32	1	17	-1.0000200508273119e-05
81200	33	0	17	-1.0000200508273119e-05
81250	28	1	21	-1.0000200508273119e-05
81300	26	1	23	-1.0000200508273119e-05
81350	30	1	19	-1.0000200508273119e-05
81400	28	3	19	-1.0000200508273119e-05
81450	29	0	21	-1.0000200508273119e-05
81500	29	0	21	-1.0000200508273119e-05
81550	24	1	25	-1.0000200508273119e-05
81600	25	0	25	-1.0000200508273119e-05
81650	29	0	21	-1.0000200508273119e-05
81700	30	2	18	-1.0000200508273119e-05
81750	27	1	22	-1.0000200508273119e-05
81800	32	1	17	-1.0000200508273119e-05
81850	14	0	36	-1.0000200508273119e-05
81900	28	1	21	-1.0000200508273119e-05
81950	27	0	23	-1.0000200508273119e-05
82000	30	1	19	-1.0000200508273119e-05
82050	28	1	21	-1.0000200508273119e-05
82100	32	1	17	-1.0000200508273119e-05
82150	20	0	30	-1.0000200508273119e-05
82200	24	1	25	-1.0000200508273119e-05
82250	28	0	22	-1.0000200508273119e-05
82300	26	1	23	-1.0000200508273119e-05
82350	25	0	25	-1.0000200508273119e-05
82400	25	2	23	-1.0000200508273119e-05
82450	24	0	26	-1.0000200508273119e-05
82500	20	1	29	-1.0000200508273119e-05
82550	27	2	21	-1.0000200508273119e-05
82600	29	0	21	-1.0000200508273119e-05
82650	25	1	24	-1.0000200508273119e-05
82700	30	1	19	-1.0000200508273119e-05
82750	32	1	17	-1.0000200508273119e-05
82800	27	4	19	-1.0000200508273119e-05
82850	29	0	21	-1.0000200508273119e-05
82900	25	0	25	-1.0000200508273119e-05
82950	25	0	25	-1.0000200508273119e-05
83000	20	4	26	-1.0000200508273119e-05
83050	19	2	29	-1.0000200508273119e-05
83100	28	0	22	-1.0000200508273119e-05
83150	28	3	19	-1.0000200508273119e-05
83200	28	0	22	-1.0000200508273119e-05
83250	32	1	17	-1.0000200508273119e-05
83300	31	1	18	-1.0000200508273119e-05
83350	21	1	28	-1.0000200508273119e-05
83400	27	1	22	-1.0000200508273119e-05
83450	30	2	18	-1.0000200508273119e-05
83500	31	2	17	-1.0000200508273119e-05
83550	26	2	22	-1.0000200508273119e-05
83600	21	1	28	-1.0000200508273119e-05
83650	26	2	22	-1.0000200508273119e-05
83700	23	3	24	-1.0000200508273119e-05
83750	23	0	27	-1.0000200508273119e-05
83800	29	1	20	-1.0000200508273119e-05
83850	24	0	26	-1.0000200508273119e-05
83900	20	0	30	-1.0000200508273119e-05
83950	23	2	25	-1.0000200508273119e-05
84000	23	1	26	-1.0000200508273119e-05
84050	28	1	21	-1.0000200508273119e-05
84100	30	1	19	-1.0000200508273119e-05
84150	31	2	17	-1.0000200508273119e-05
84200	30	2	18	-1.0000200508273119e-05
84250	25	0	25	-1.0000200508273119e-05
84300	21	2	27	-1.0000200508273119e-05
84350	28	0	22	-1.0000200508273119e-05
84400	31	1	18	-1.0000200508273119e-05
84450	28	2	20	-1.0000200508273119e-05
84500	31	0	19	-1.0000200508273119e-05
84550	28	1	21	-1.0000200508273119e-05
84600	28	1	21	-1.0000200508273119e-05
84650	31	1	18	-1.0000200508273119e-05
84700	16	0	34	-1.0000200508273119e-05
84750	27	0	23	-1.0000200508273119e-05
84800	30	1	19	-1.0000200508273119e-05
84850	23	4	23	-1.0000200508273119e-05
84900	31	0	19	-1.0000200508273119e-05
84950	32	3	15	-1.0000200508273119e-05
85000	26	3	21	-1.0000200508273119e-05
85050	25	4	21	-1.0000200508273119e-05
85100	30	0	20	-1.0000200508273119e-05
85150	31	1	18	-1.0000200508273119e-05
85200	20	2	28	-1.0000200508273119e-05
85250	38	1	11	-1.0000200508273119e-05
85300	27	0	23	-1.0000200508273119e-05
85350	19	2	29	-1.0000200508273119e-05
85400	33	0	17	-1.0000200508273119e-05
85450	28	2	20	-1.0000200508273119e-05
85500	24	1	25	-1.0000200508273119e-05
85550	24	1	25	-1.0000200508273119e-05
85600	22	0	28	-1.0000200508273119e-05
85650	23	2	25	-1.0000200508273119e-05
85700	26	2	22	-1.0000200508273119e-05
85750	26	1	23	-1.0000200508273119e-05
85800	25	1	24	-1.0000200508273119e-05
85850	32	0	18	-1.0000200508273119e-05
85900	31	0	19	-1.0000200508273119e-05
85950	23	3	24	-1.0000200508273119e-05
86000	27	3	20	-1.0000200508273119e-05
86050	24	1	25	-1.0000200508273119e-05
86100	29	0	21	-1.0000200508273119e-05
86150	30	2	18	-1.0000200508273119e-05
86200	25	0	25	-1.0000200508273119e-05
86250	25	1	24	-1.0000200508273119e-05
86300	27	2	21	-1.0000200508273119e-05
86350	20	1	29	-1.0000200508273119e-05
86400	25	1	24	-1.0000200508273119e-05
86450	32	3	15	-1.0000200508273119e-05
86500	29	0	21	-1.0000200508273119e-05
86550	28	2	20	-1.0000200508273119e-05
86600	33	1	16	-1.0000200508273119e-05
86650	25	0	25	-1.0000200508273119e-05
86700	28	0	22	-1.0000200508273119e-05
86750	36	2	12	-1.0000200508273119e-05
86800	28	1	21	-1.0000200508273119e-05
86850	27	1	22	-1.0000200508273119e-05
86900	38	1	11	-1.0000200508273119e-05
86950	26	0	24	-1.0000200508273119e-05
87000	37	1	12	-1.0000200508273119e-05
87050	27	0	23	-1.0000200508273119e-05
87100	27	1	22	-1.0000200508273119e-05
87150	30	1	19	-1.0000200508273119e-05
87200	33	1	16	-1.0000200508273119e-05
87250	31	2	17	-1.0000200508273119e-05
87300	23	1	26	-1.0000200508273119e-05
87350	20	2	28	-1.0000200508273119e-05
87400	26	1	23	-1.0000200508273119e-05
87450	27	0	23	-1.0000200508273119e-05
87500	31	1	18	-1.0000200508273119e-05
87550	20	2	28	-1.0000200508273119e-05
87600	21	0	29	-1.0000200508273119e-05
87650	32	1	17	-1.0000200508273119e-05
87700	30	0	20	-1.0000200508273119e-05
87750	36	2	12	-1.0000200508273119e-05
87800	33	1	16	-1.0000200508273119e-05
87850	31	2	17	-1.0000200508273119e-05
87900	30	0	20	-1.0000200508273119e-05
87950	33	0	17	-1.0000200508273119e-05
88000	24	4	22	-1.0000200508273119e-05
88050	25	0	25	-1.0000200508273119e-05
88100	31	2	17	-1.0000200508273119e-05
88150	27	1	22	-1.0000200508273119e-05
88200	28	0	22	-1.0000200508273119e-05
88250	26	1	23	-1.0000200508273119e-05
88300	24	1	25	-1.0000200508273119e-05
88350	27	2	21	-1.0000200508273119e-05
88400	30	0	20	-1.0000200508273119e-05
88450	25	1	24	-1.0000200508273119e-05
88500	25	0	25	-1.0000200508273119e-05
88550	31	0	19	-1.0000200508273119e-05
88600	31	0	19	-1.0000200508273119e-05
88650	27	2	21	-1.0000200508273119e-05
88700	28	1	21	-1.0000200508273119e-05
88750	29	0	21	-1.0000200508273119e-05
88800	24	4	22	-1.0000200508273119e-05
88850	30	1	19	-1.0000200508273119e-05
88900	23	1	26	-1.0000200508273119e-05
88950	27	1	22	-1.0000200508273119e-05
89000	27	0	23	-1.0000200508273119e-05
89050	27	0	23	-1.0000200508273119e-05
89100	20	1	29	-1.0000200508273119e-05
89150	27	1	22	-1.0000200508273119e-05
89200	30	1	19	-1.0000200508273119e-05
89250	31	0	19	-1.0000200508273119e-05
89300	23	0	27	-1.0000200508273119e-05
89350	34	0	16	-1.0000200508273119e-05
89400	29	1	20	-1.0000200508273119e-05
89450	25	1	24	-1.0000200508273119e-05
89500	24	1	25	-1.0000200508273119e-05
89550	25	1	24	-1.0000200508273119e-05
89600	26	3	21	-1.0000200508273119e-05
89650	26	1	23	-1.0000200508273119e-05
89700	29	0	21	-1.0000200508273119e-05
89750	21	0	29	-1.0000200508273119e-05
89800	25	1	24	-1.0000200508273119e-05
89850	24	1	25	-1.0000200508273119e-05
89900	29	1	20	-1.0000200508273119e-05
89950	35	0	15	-1.0000200508273119e-05
90000	23	0	27	-1.0000200508273119e-05
90050	26	3	21	-1.0000200508273119e-05
90100	25	0	25	-1.0000200508273119e-05
90150	28	1	21	-1.0000200508273119e-05
90200	30	1	19	-1.0000200508273119e-05
90250	22	0	28	-1.0000200508273119e-05
90300	30	1	19	-1.0000200508273119e-05
90350	27	4	19	-1.0000200508273119e-05
90400	28	0	22	-1.0000200508273119e-05
90450	31	0	19	-1.0000200508273119e-05
90500	26	1	23	-1.0000200508273119e-05
90550	39	0	11	-1.0000200508273119e-05
90600	29	1	20	-1.0000200508273119e-05
90650	27	1	22	-1.0000200508273119e-05
90700	31	0	19	-1.0000200508273119e-05
90750	21	1	28	-1.0000200508273119e-05
90800	24	2	24	-1.0000200508273119e-05
90850	25	3	22	-1.0000200508273119e-05
90900	33	3	14	-1.0000200508273119e-05
90950	29	1	20	-1.0000200508273119e-05
91000	28	1	21	-1.0000200508273119e-05
91050	26	3	21	-1.0000200508273119e-05
91100	23	0	27	-1.0000200508273119e-05
91150	21	0	29	-1.0000200508273119e-05
91200	22	3	25	-1.0000200508273119e-05
91250	29	0	21	-1.0000200508273119e-05
91300	31	0	19	-1.0000200508273119e-05
91350	25	2	23	-1.0000200508273119e-05
91400	21	1	28	-1.0000200508273119e-05
91450	31	0	19	-1.0000200508273119e-05
91500	33	0	17	-1.0000200508273119e-05
91550	29	1	20	-1.0000200508273119e-05
91600	29	0	21	-1.0000200508273119e-05
91650	31	1	18	-1.0000200508273119e-05
91700	28	1	21	-1.0000200508273119e-05
91750	31	0	19	-1.0000200508273119e-05
91800	30	2	18	-1.0000200508273119e-05
91850	31	1	18	-1.0000200508273119e-05
91900	33	1	16	-1.0000200508273119e-05
91950	23	3	24	-1.0000200508273119e-05
92000	29	0	21	-1.0000200508273119e-05
92050	25	0	25	-1.0000200508273119e-05
92100	32	1	17	-1.0000200508273119e-05
92150	26	0	24	-1.0000200508273119e-05
92200	21	0	29	-1.0000200508273119e-05
92250	22	1	27	-1.0000200508273119e-05
92300	22	2	26	-1.0000200508273119e-05
92350	24	2	24	-1.0000200508273119e-05
92400	28	1	21	-1.0000200508273119e-05
92450	34	1	15	-1.0000200508273119e-05
92500	27	2	21	-1.0000200508273119e-05
92550	27	2	21	-1.0000200508273119e-05
92600	24	1	25	-1.0000200508273119e-05
92650	26	2	22	-1.0000200508273119e-05
92700	29	0	21	-1.0000200508273119e-05
92750	29	0	21	-1.0000200508273119e-05
92800	30	3	17	-1.0000200508273119e-05
92850	26	3	21	-1.0000200508273119e-05
92900	33	0	17	-1.0000200508273119e-05
92950	29	0	21	-1.0000200508273119e-05
93000	27	1	22	-1.0000200508273119e-05
93050	28	0	22	-1.0000200508273119e-05
93100	27	0	23	-1.0000200508273119e-05
93150	28	0	22	-1.0000200508273119e-05
93200	26	1	23	-1.0000200508273119e-05
93250	33	1	16	-1.0000200508273119e-05
93300	30	1	19	-1.0000200508273119e-05
93350	26	1	23	-1.0000200508273119e-05
93400	23	0	27	-1.0000200508273119e-05
93450	27	2	21	-1.0000200508273119e-05
93500	36	3	11	-1.0000200508273119e-05
93550	26	4	20	-1.0000200508273119e-05
93600	24	0	26	-1.0000200508273119e-05
93650	24	0	26	-1.0000200508273119e-05
93700	32	3	15	-1.0000200508273119e-05
93750	30	1	19	-1.0000200508273119e-05
93800	33	0	17	-1.0000200508273119e-05
93850	28	0	22	-1.0000200508273119e-05
93900	31	0	19	-1.0000200508273119e-05
93950	36	0	14	-1.0000200508273119e-05
94000	28	0	22	-1.0000200508273119e-05
94050	32	3	15	-1.0000200508273119e-05
94100	28	1	21	-1.0000200508273119e-05
94150	29	0	21	-1.0000200508273119e-05
94200	29	1	20	-1.0000200508273119e-05
94250	28	5	17	-1.0000200508273119e-05
94300	25	3	22	-1.0000200508273119e-05
94350	28	2	20	-1.0000200508273119e-05
94400	26	3	21	-1.0000200508273119e-05
94450	27	1	22	-1.0000200508273119e-05
94500	23	2	25	-1.0000200508273119e-05
94550	31	1	18	-1.0000200508273119e-05
94600	27	1	22	-1.0000200508273119e-05
94650	27	0	23	-1.0000200508273119e-05
94700	28	0	22	-1.0000200508273119e-05
94750	25	2	23	-1.0000200508273119e-05
94800	29	0	21	-1.0000200508273119e-05
94850	23	0	27	-1.0000200508273119e-05
94900	27	2	21	-1.0000200508273119e-05
94950	23	3	24	-1.0000200508273119e-05
95000	27	2	21	-1.0000200508273119e-05
95050	23	1	26	-1.0000200508273119e-05
95100	30	2	18	-1.0000200508273119e-05
95150	29	0	21	-1.0000200508273119e-05
95200	30	0	20	-1.0000200508273119e-05
95250	28	0	22	-1.0000200508273119e-05
95300	24	2	24	-1.0000200508273119e-05
95350	26	2	22	-1.0000200508273119e-05
95400	22	1	27	-1.0000200508273119e-05
95450	23	0	27	-1.0000200508273119e-05
95500	24	1	25	-1.0000200508273119e-05
95550	31	1	18	-1.0000200508273119e-05
95600	29	0	21	-1.0000200508273119e-05
95650	30	3	17	-1.0000200508273119e-05
95700	27	0	23	-1.0000200508273119e-05
95750	25	0	25	-1.0000200508273119e-05
95800	27	2	21	-1.0000200508273119e-05
95850	25	1	24	-1.0000200508273119e-05
95900	24	1	25	-1.0000200508273119e-05
95950	33	3	14	-1.0000200508273119e-05
96000	27	1	22	-1.0000200508273119e-05
96050	29	1	20	-1.0000200508273119e-05
96100	26	2	22	-1.0000200508273119e-05
96150	24	1	25	-1.0000200508273119e-05
96200	30	0	20	-1.0000200508273119e-05
96250	31	1	18	-1.0000200508273119e-05
96300	26	4	20	-1.0000200508273119e-05
96350	30	0	20	-1.0000200508273119e-05
96400	28	2	20	-1.0000200508273119e-05
96450	29	0	21	-1.0000200508273119e-05
96500	23	1	26	-1.0000200508273119e-05
96550	25	0	25	-1.0000200508273119e-05
96600	28	3	19	-1.0000200508273119e-05
96650	29	0	21	-1.0000200508273119e-05
96700	24	2	24	-1.0000200508273119e-05
96750	21	3	26	-1.0000200508273119e-05
96800	24	1	25	-1.0000200508273119e-05
96850	33	3	14	-1.0000200508273119e-05
96900	29	0	21	-1.0000200508273119e-05
96950	25	1	24	-1.0000200508273119e-05
97000	25	1	24	-1.0000200508273119e-05
97050	28	1	21	-1.0000200508273119e-05
97100	36	1	13	-1.0000200508273119e-05
97150	25	0	25	-1.0000200508273119e-05
97200	23	2	25	-1.0000200508273119e-05
97250	25	0	25	-1.0000200508273119e-05
97300	37	0	13	-1.0000200508273119e-05
97350	27	1	22	-1.0000200508273119e-05
97400	24	0	26	-1.0000200508273119e-05
97450	33	0	17	-1.0000200508273119e-05
97500	30	3	17	-1.0000200508273119e-05
97550	32	0	18	-1.0000200508273119e-05
97600	29	1	20	-1.0000200508273119e-05
97650	31	1	18	-1.0000200508273119e-05
97700	26	0	24	-1.0000200508273119e-05
97750	25	1	24	-1.0000200508273119e-05
97800	31	1	18	-1.0000200508273119e-05
97850	35	0	15	-1.0000200508273119e-05
97900	31	1	18	-1.0000200508273119e-05
97950	28	1	21	-1.0000200508273119e-05
98000	29	0	21	-1.0000200508273119e-05
98050	28	2	20	-1.0000200508273119e-05
98100	32	0	18	-1.0000200508273119e-05
98150	26	1	23	-1.0000200508273119e-05
98200	30	0	20	-1.0000200508273119e-05
98250	33	0	17	-1.0000200508273119e-05
98300	28	1	21	-1.0000200508273119e-05
98350	29	1	20	-1.0000200508273119e-05
98400	23	1	26	-1.0000200508273119e-05
98450	29	1	20	-1.0000200508273119e-05
98500	25	2	23	-1.0000200508273119e-05
98550	26	2	22	-1.0000200508273119e-05
98600	29	0	21	-1.0000200508273119e-05
98650	25	1	24	-1.0000200508273119e-05
98700	25	0	25	-1.0000200508273119e-05
98750	28	3	19	-1.0000200508273119e-05
98800	24	0	26	-1.0000200508273119e-05
98850	30	2	18	-1.0000200508273119e-05
98900	23	3	24	-1.0000200508273119e-05
98950	31	0	19	-1.0000200508273119e-05
99000	28	0	22	-1.0000200508273119e-05
99050	23	0	27	-1.0000200508273119e-05
99100	34	2	14	-1.0000200508273119e-05
99150	28	0	22	-1.0000200508273119e-05
99200	26	1	23	-1.0000200508273119e-05
99250	23	2	25	-1.0000200508273119e-05
99300	28	1	21	-1.0000200508273119e-05
99350	18	2	30	-1.0000200508273119e-05
99400	21	2	27	-1.0000200508273119e-05
99450	36	1	13	-1.0000200508273119e-05
99500	33	1	16	-1.0000200508273119e-05
99550	24	0	26	-1.0000200508273119e-05
99600	27	1	22	-1.0000200508273119e-05
99650	30	1	19	-1.0000200508273119e-05
99700	28	0	22	-1.0000200508273119e-05
99750	28	2	20	-1.0000200508273119e-05
99800	19	0	31	-1.0000200508273119e-05
99850	27	2	21	-1.0000200508273119e-05
99900	31	0	19	-1.0000200508273119e-05
99950	28	0	22	-1.0000200508273119e-05
