win:	lose:	draw:
1000	502	383	115	0.4989999980000155
2000	548	349	103	0.497999996000031
3000	551	335	114	0.49699999400004646
4000	549	330	121	0.49599999200006195
5000	587	286	127	0.49499999000007744
6000	573	307	120	0.4939999880000929
7000	615	257	128	0.4929999860001084
8000	596	291	113	0.4919999840001239
9000	606	266	128	0.4909999820001394
10000	641	242	117	0.4899999800001549
11000	620	249	131	0.48899997800017037
12000	619	253	128	0.48799997600018585
13000	608	258	134	0.48699997400020134
14000	607	291	102	0.48599997200021683
15000	594	271	135	0.4849999700002323
16000	617	262	121	0.4839999680002478
17000	611	267	122	0.4829999660002633
18000	660	232	108	0.4819999640002788
19000	628	253	119	0.48099996200029427
20000	637	248	115	0.47999996000030976
21000	614	257	129	0.47899995800032524
22000	627	251	122	0.47799995600034073
23000	632	241	127	0.4769999540003562
24000	630	237	133	0.4759999520003717
25000	622	262	116	0.4749999500003872
26000	631	260	109	0.4739999480004027
27000	617	255	128	0.47299994600041817
28000	642	243	115	0.47199994400043366
29000	649	228	123	0.47099994200044915
30000	665	219	116	0.46999994000046463
31000	627	265	108	0.4689999380004801
32000	651	237	112	0.4679999360004956
33000	637	253	110	0.4669999340005111
34000	657	224	119	0.4659999320005266
35000	650	240	110	0.46499993000054207
36000	662	223	115	0.46399992800055756
37000	678	214	108	0.46299992600057305
38000	656	251	93	0.46199992400058854
39000	704	197	99	0.460999922000604
40000	666	220	114	0.4599999200006195
41000	670	224	106	0.458999918000635
42000	678	203	119	0.4579999160006505
43000	663	223	114	0.456999914000666
44000	672	217	111	0.45599991200068146
45000	658	217	125	0.45499991000069695
46000	655	235	110	0.45399990800071244
47000	673	218	109	0.4529999060007279
48000	638	232	130	0.4519999040007434
49000	661	235	104	0.4509999020007589
50000	648	244	108	0.4499999000007744
51000	678	201	121	0.4489998980007899
52000	677	214	109	0.44799989600080536
53000	642	243	115	0.44699989400082085
54000	662	206	132	0.44599989200083634
55000	659	228	113	0.4449998900008518
56000	652	225	123	0.4439998880008673
57000	671	216	113	0.4429998860008828
58000	674	216	110	0.4419998840008983
59000	691	204	105	0.4409998820009138
60000	673	215	112	0.43999988000092927
61000	690	192	118	0.43899987800094475
62000	656	228	116	0.43799987600096024
63000	695	207	98	0.43699987400097573
64000	706	218	76	0.4359998720009912
65000	676	205	119	0.4349998700010067
66000	674	230	96	0.4339998680010222
67000	682	231	87	0.4329998660010377
68000	688	197	115	0.43199986400105317
69000	650	217	133	0.43099986200106866
70000	682	216	102	0.42999986000108414
71000	699	201	100	0.42899985800109963
72000	690	202	108	0.4279998560011151
73000	685	220	95	0.4269998540011306
74000	667	213	120	0.4259998520011461
75000	680	228	92	0.4249998500011616
76000	695	196	109	0.42399984800117707
77000	693	197	110	0.42299984600119256
78000	695	195	110	0.42199984400120805
79000	684	201	115	0.42099984200122353
80000	665	221	114	0.419999840001239
81000	678	215	107	0.4189998380012545
82000	716	189	95	0.41799983600127
83000	674	217	109	0.4169998340012855
84000	672	211	117	0.415999832001301
85000	683	216	101	0.41499983000131646
86000	702	209	89	0.41399982800133195
87000	689	210	101	0.41299982600134744
88000	716	187	97	0.4119998240013629
89000	716	206	78	0.4109998220013784
90000	701	211	88	0.4099998200013939
91000	695	212	93	0.4089998180014094
92000	709	190	101	0.4079998160014249
93000	684	205	111	0.40699981400144036
94000	687	206	107	0.40599981200145585
95000	715	193	92	0.40499981000147134
96000	705	195	100	0.4039998080014868
97000	729	188	83	0.4029998060015023
98000	705	200	95	0.4019998040015178
99000	689	221	90	0.4009998020015333
100000	695	218	87	0.3999998000015488
101000	695	203	102	0.39899979800156427
102000	676	220	104	0.39799979600157975
103000	706	185	109	0.39699979400159524
104000	692	202	106	0.39599979200161073
105000	718	186	96	0.3949997900016262
106000	690	219	91	0.3939997880016417
107000	698	210	92	0.3929997860016572
108000	693	214	93	0.3919997840016727
109000	719	182	99	0.39099978200168817
110000	714	192	94	0.38999978000170366
111000	723	187	90	0.38899977800171914
112000	723	188	89	0.38799977600173463
113000	682	197	121	0.3869997740017501
114000	683	198	119	0.3859997720017656
115000	717	193	90	0.3849997700017811
116000	703	197	100	0.3839997680017966
117000	707	204	89	0.38299976600181207
118000	699	203	98	0.38199976400182756
119000	684	216	100	0.38099976200184305
120000	726	174	100	0.37999976000185853
121000	695	204	101	0.378999758001874
122000	711	198	91	0.3779997560018895
123000	726	170	104	0.376999754001905
124000	700	185	115	0.3759997520019205
125000	718	189	93	0.37499975000193597
126000	715	183	102	0.37399974800195146
127000	698	204	98	0.37299974600196695
128000	716	191	93	0.37199974400198244
129000	727	177	96	0.3709997420019979
130000	744	167	89	0.3699997400020134
131000	726	192	82	0.3689997380020289
132000	732	185	83	0.3679997360020444
133000	702	208	90	0.3669997340020599
134000	715	180	105	0.36599973200207536
135000	711	194	95	0.36499973000209085
136000	720	186	94	0.36399972800210634
137000	732	179	89	0.3629997260021218
138000	713	197	90	0.3619997240021373
139000	740	161	99	0.3609997220021528
140000	733	176	91	0.3599997200021683
141000	723	179	98	0.3589997180021838
142000	727	180	93	0.35799971600219926
143000	708	192	100	0.35699971400221475
144000	739	187	74	0.35599971200223024
145000	732	180	88	0.3549997100022457
146000	726	184	90	0.3539997080022612
147000	713	195	92	0.3529997060022767
148000	728	159	113	0.3519997040022922
149000	738	173	89	0.3509997020023077
150000	717	188	95	0.34999970000232317
151000	724	187	89	0.34899969800233865
152000	721	179	100	0.34799969600235414
153000	711	184	105	0.34699969400236963
154000	746	171	83	0.3459996920023851
155000	754	169	77	0.3449996900024006
156000	725	172	103	0.3439996880024161
157000	714	189	97	0.3429996860024316
158000	739	175	86	0.34199968400244707
159000	752	169	79	0.34099968200246256
160000	732	184	84	0.33999968000247804
161000	728	163	109	0.33899967800249353
162000	753	168	79	0.337999676002509
163000	731	179	90	0.3369996740025245
164000	747	171	82	0.33599967200254
165000	709	193	98	0.3349996700025555
166000	749	162	89	0.33399966800257097
167000	738	173	89	0.33299966600258646
168000	738	171	91	0.33199966400260195
169000	738	167	95	0.33099966200261743
170000	724	179	97	0.3299996600026329
171000	769	148	83	0.3289996580026484
172000	746	172	82	0.3279996560026639
173000	756	168	76	0.3269996540026794
174000	753	177	70	0.3259996520026949
175000	741	175	84	0.32499965000271036
176000	750	162	88	0.32399964800272585
177000	724	175	101	0.32299964600274134
178000	755	158	87	0.3219996440027568
179000	756	158	86	0.3209996420027723
180000	774	143	83	0.3199996400027878
181000	738	180	82	0.3189996380028033
182000	752	162	86	0.3179996360028188
183000	747	158	95	0.31699963400283426
184000	761	157	82	0.31599963200284975
185000	731	177	92	0.31499963000286524
186000	750	182	68	0.3139996280028807
187000	761	148	91	0.3129996260028962
188000	748	156	96	0.3119996240029117
189000	744	169	87	0.3109996220029272
190000	769	145	86	0.3099996200029427
191000	769	165	66	0.30899961800295817
192000	747	163	90	0.30799961600297365
193000	756	153	91	0.30699961400298914
194000	740	172	88	0.30599961200300463
195000	741	166	93	0.3049996100030201
196000	746	175	79	0.3039996080030356
197000	769	142	89	0.3029996060030511
198000	785	132	83	0.3019996040030666
199000	740	168	92	0.30099960200308207
200000	754	140	106	0.29999960000309756
201000	766	160	74	0.29899959800311304
202000	744	176	80	0.29799959600312853
203000	747	151	102	0.296999594003144
204000	764	152	84	0.2959995920031595
205000	761	148	91	0.294999590003175
206000	743	185	72	0.2939995880031905
207000	773	153	74	0.29299958600320597
208000	747	168	85	0.29199958400322146
209000	764	158	78	0.29099958200323695
210000	766	147	87	0.28999958000325243
211000	771	136	93	0.2889995780032679
212000	764	150	86	0.2879995760032834
213000	751	173	76	0.2869995740032989
214000	774	125	101	0.2859995720033144
215000	761	152	87	0.28499957000332987
216000	786	144	70	0.28399956800334536
217000	749	167	84	0.28299956600336085
218000	761	164	75	0.28199956400337634
219000	774	146	80	0.2809995620033918
220000	766	165	69	0.2799995600034073
221000	758	157	85	0.2789995580034228
222000	776	136	88	0.2779995560034383
223000	755	153	92	0.2769995540034538
224000	765	151	84	0.27599955200346926
225000	787	132	81	0.27499955000348475
226000	767	147	86	0.27399954800350024
227000	771	133	96	0.2729995460035157
228000	774	144	82	0.2719995440035312
229000	771	150	79	0.2709995420035467
230000	781	133	86	0.2699995400035622
231000	767	146	87	0.2689995380035777
232000	778	152	70	0.26799953600359316
233000	781	121	98	0.26699953400360865
234000	771	153	76	0.26599953200362414
235000	771	146	83	0.2649995300036396
236000	797	132	71	0.2639995280036551
237000	777	153	70	0.2629995260036706
238000	788	139	73	0.2619995240036861
239000	768	146	86	0.2609995220037016
240000	761	162	77	0.25999952000371707
241000	762	163	75	0.25899951800373255
242000	784	137	79	0.25799951600374804
243000	780	145	75	0.25699951400376353
244000	774	143	83	0.255999512003779
245000	782	143	75	0.2549995100037945
246000	785	131	84	0.25399950800381
247000	770	139	91	0.2529995060038255
248000	792	128	80	0.25199950400384097
249000	776	156	68	0.25099950200385646
250000	791	112	97	0.24999950000387192
251000	782	138	80	0.24899949800385965
252000	773	150	77	0.24799949600384738
253000	784	148	68	0.2469994940038351
254000	786	137	77	0.24599949200382284
255000	787	136	77	0.24499949000381058
256000	794	130	76	0.2439994880037983
257000	781	137	82	0.24299948600378604
258000	769	150	81	0.24199948400377377
259000	798	129	73	0.2409994820037615
260000	764	156	80	0.23999948000374924
261000	777	128	95	0.23899947800373697
262000	813	124	63	0.2379994760037247
263000	766	155	79	0.23699947400371243
264000	780	130	90	0.23599947200370017
265000	798	117	85	0.2349994700036879
266000	785	135	80	0.23399946800367563
267000	776	140	84	0.23299946600366336
268000	792	125	83	0.2319994640036511
269000	778	138	84	0.23099946200363883
270000	801	124	75	0.22999946000362656
271000	786	133	81	0.2289994580036143
272000	804	118	78	0.22799945600360202
273000	782	139	79	0.22699945400358976
274000	770	139	91	0.2259994520035775
275000	807	114	79	0.22499945000356522
276000	795	124	81	0.22399944800355295
277000	771	141	88	0.22299944600354069
278000	786	137	77	0.22199944400352842
279000	791	121	88	0.22099944200351615
280000	778	144	78	0.21999944000350388
281000	769	138	93	0.21899943800349161
282000	782	130	88	0.21799943600347935
283000	780	135	85	0.21699943400346708
284000	785	131	84	0.2159994320034548
285000	792	127	81	0.21499943000344254
286000	800	117	83	0.21399942800343028
287000	777	140	83	0.212999426003418
288000	798	135	67	0.21199942400340574
289000	806	109	85	0.21099942200339347
290000	783	130	87	0.2099994200033812
291000	812	131	57	0.20899941800336894
292000	809	123	68	0.20799941600335667
293000	796	128	76	0.2069994140033444
294000	808	114	78	0.20599941200333213
295000	803	134	63	0.20499941000331987
296000	796	121	83	0.2039994080033076
297000	816	122	62	0.20299940600329533
298000	813	108	79	0.20199940400328306
299000	818	117	65	0.2009994020032708
300000	795	124	81	0.19999940000325853
301000	800	115	85	0.19899939800324626
302000	827	103	70	0.197999396003234
303000	805	121	74	0.19699939400322172
304000	793	117	90	0.19599939200320945
305000	807	117	76	0.1949993900031972
306000	816	121	63	0.19399938800318492
307000	828	100	72	0.19299938600317265
308000	804	128	68	0.19199938400316038
309000	789	122	89	0.19099938200314812
310000	831	94	75	0.18999938000313585
311000	804	98	98	0.18899937800312358
312000	805	134	61	0.1879993760031113
313000	818	111	71	0.18699937400309904
314000	817	118	65	0.18599937200308678
315000	802	121	77	0.1849993700030745
316000	794	133	73	0.18399936800306224
317000	811	118	71	0.18299936600304997
318000	800	118	82	0.1819993640030377
319000	797	128	75	0.18099936200302544
320000	819	114	67	0.17999936000301317
321000	824	107	69	0.1789993580030009
322000	830	107	63	0.17799935600298863
323000	812	126	62	0.17699935400297637
324000	821	119	60	0.1759993520029641
325000	818	115	67	0.17499935000295183
326000	789	138	73	0.17399934800293956
327000	838	105	57	0.1729993460029273
328000	817	124	59	0.17199934400291503
329000	820	102	78	0.17099934200290276
330000	812	113	75	0.1699993400028905
331000	807	121	72	0.16899933800287822
332000	810	118	72	0.16799933600286596
333000	805	120	75	0.1669993340028537
334000	819	107	74	0.16599933200284142
335000	817	114	69	0.16499933000282915
336000	825	117	58	0.16399932800281689
337000	806	123	71	0.16299932600280462
338000	810	124	66	0.16199932400279235
339000	813	124	63	0.16099932200278008
340000	838	109	53	0.15999932000276781
341000	808	114	78	0.15899931800275555
342000	834	91	75	0.15799931600274328
343000	821	114	65	0.156999314002731
344000	822	107	71	0.15599931200271874
345000	826	105	69	0.15499931000270648
346000	841	93	66	0.1539993080026942
347000	828	104	68	0.15299930600268194
348000	815	118	67	0.15199930400266967
349000	811	108	81	0.1509993020026574
350000	821	114	65	0.14999930000264514
351000	805	119	76	0.14899929800263287
352000	837	96	67	0.1479992960026206
353000	820	106	74	0.14699929400260833
354000	824	101	75	0.14599929200259606
355000	839	93	68	0.1449992900025838
356000	835	101	64	0.14399928800257153
357000	826	113	61	0.14299928600255926
358000	828	101	71	0.141999284002547
359000	824	114	62	0.14099928200253473
360000	835	94	71	0.13999928000252246
361000	842	92	66	0.1389992780025102
362000	821	111	68	0.13799927600249792
363000	814	107	79	0.13699927400248565
364000	834	104	62	0.1359992720024734
365000	818	104	78	0.13499927000246112
366000	823	90	87	0.13399926800244885
367000	827	102	71	0.13299926600243658
368000	821	111	68	0.13199926400242432
369000	824	96	80	0.13099926200241205
370000	833	96	71	0.12999926000239978
371000	844	97	59	0.1289992580023875
372000	839	92	69	0.12799925600237524
373000	819	111	70	0.12699925400236298
374000	818	101	81	0.1259992520023507
375000	824	105	71	0.12499925000233846
376000	843	81	76	0.12399924800234007
377000	825	113	62	0.12299924600234168
378000	842	91	67	0.12199924400234329
379000	850	85	65	0.1209992420023449
380000	837	102	61	0.1199992400023465
381000	846	100	54	0.11899923800234811
382000	855	76	69	0.11799923600234972
383000	850	92	58	0.11699923400235133
384000	827	109	64	0.11599923200235294
385000	845	91	64	0.11499923000235455
386000	860	79	61	0.11399922800235616
